01010100 01101000 01100101 00100000 01000010 01101001 01101110 01100001 01110010 01111001 00100000 01010111 01101111 01110010 01101100 01100100
00111101 00111101 00111101 00111101 00111101 00111101 00111101 00111101

01001001 01101110 00100000 01110100 01101000 01100101 00100000 01100010
01100101 01100111 01101001 01101110 01101110 01101001 01101110 01100111

01000001 01110010 01100001 00100000 01101100 01101001 01110110 01100101 01

00110000 00110001 00110000 00110000 00110001 00110001 00110001 00110000

01010110 01101001 01110010 01110101 01110011 00100001

00110001 00110000 00110000 00110001 00110000 00110000 00110001 00110001

01000110 01101001 01100111 01101000 01110100 00100001

01001000 01100101 01101100 01101100 01101111 00100000 01010111 01101111 01110010 01101100 01100100

00110001 00110001 00110001 00110001 00110000 00110000 00110000 00110000
00110000 00110000 00110000 00110000 00110001 00110001 00110001 00110001

01010011 01110101 01100011 01100011 01100101 01110011 01110011 00100001

00110000 00100000 01100001 01101110 01100100 00100000 00110001 00101110

01010100 01101000 01100101 00100000 01000101 01101110 01100100 00101110

01000111 01101111 01101111 01100100 01101110 01101001 01100111 01101000 01110100 00101110

00110001 00110000 00110001 00110000 00110001 00110000 00110001 00110000
00110000 00110001 00110000 00110001 00110000 00110001 00110000 00110001
01000101 01001110 01000100 00100000 01001111 01000110 00100000 01010011
01010100 01001111 01010010 01011001 00100000 00111101 00111101 00111101