2023;22;2023.06.04;0;0Ft;33;395285Ft;1553;8400Ft;27082;2670Ft;8;20;25;28;35;45
2023;21;2023.05.28;0;0Ft;29;434445Ft;1459;8635Ft;26156;2670Ft;11;14;21;22;34;40
2023;20;2023.05.21;0;0Ft;42;309490Ft;1795;7240Ft;31694;2270Ft;3;4;8;21;22;29
2023;19;2023.05.14;0;0Ft;50;270890Ft;2155;6285Ft;35410;2120Ft;2;9;10;19;22;26
2023;18;2023.05.07;0;0Ft;33;377965Ft;1614;7730Ft;26359;2620Ft;10;13;15;31;36;42
2023;17;2023.04.30;1;426667315Ft;62;227260Ft;2638;5340Ft;39550;1975Ft;4;14;19;23;27;42
2023;16;2023.04.23;0;0Ft;47;291140Ft;2274;6015Ft;32859;2305Ft;19;28;31;33;37;43
2023;15;2023.04.16;0;0Ft;33;414280Ft;1912;7150Ft;32866;2305Ft;6;23;26;27;34;37
2023;14;2023.04.09;0;0Ft;22;587915Ft;1348;9595Ft;24503;2925Ft;17;23;35;36;37;43
2023;13;2023.04.02;1;99780620Ft;53;239945Ft;2234;5695Ft;33944;2075Ft;9;18;25;29;33;40
2023;12;2023.03.26;1;549872735Ft;63;220185Ft;2541;5460Ft;36395;2110Ft;4;7;16;26;28;37
2023;11;2023.03.19;0;0Ft;50;279265Ft;2252;6200Ft;35670;2170Ft;1;4;14;19;25;31
2023;10;2023.03.12;0;0Ft;32;461330Ft;2051;7200Ft;36404;2245Ft;13;14;16;22;27;33
2023;9;2023.03.05;0;0Ft;47;294335Ft;1659;8340Ft;30599;2505Ft;17;18;30;32;34;35
2023;8;2023.02.26;0;0Ft;15;892525Ft;1101;12160Ft;22031;3270Ft;10;12;14;29;36;37
2023;7;2023.02.19;1;621747605Ft;88;155610Ft;2927;4680Ft;40891;1955Ft;3;7;15;19;32;40
2023;6;2023.02.12;0;0Ft;54;266535Ft;2252;6390Ft;35496;2300Ft;5;18;21;26;37;44
2023;5;2023.02.05;0;0Ft;55;248570Ft;2172;6295Ft;33330;2290Ft;13;20;24;26;38;42
2023;4;2023.01.29;0;0Ft;60;221235Ft;2329;5700Ft;34522;2085Ft;1;3;17;26;40;45
2023;3;2023.01.22;0;0Ft;38;350420Ft;1899;7010Ft;32861;2160Ft;2;11;12;17;37;44
2023;2;2023.01.15;1;1314693240Ft;35;489445Ft;1902;9005Ft;37335;2610Ft;3;5;6;14;35;37
2023;1;2023.01.08;0;0Ft;48;318030Ft;2863;5330Ft;42174;2005Ft;6;9;16;19;23;29
2022;52;2023.01.01;0;0Ft;29;535120Ft;2003;7750Ft;34375;2500Ft;4;14;19;28;43;44
2022;51;2022.12.25;0;0Ft;23;623740Ft;1725;8315Ft;30048;2645Ft;16;18;28;36;41;45
2022;50;2022.12.18;0;0Ft;31;450265Ft;1858;7515Ft;34201;2260Ft;1;13;24;26;27;31
2022;49;2022.12.11;0;0Ft;19;726965Ft;1596;8655Ft;27671;2765Ft;1;4;26;32;36;44
2022;48;2022.12.04;0;0Ft;25;535645Ft;1507;8885Ft;29030;2555Ft;6;12;14;15;17;42
2022;47;2022.11.27;0;0Ft;36;361410Ft;1916;6790Ft;34067;2115Ft;7;17;18;22;25;32
2022;46;2022.11.20;0;0Ft;54;242810Ft;2165;6055Ft;30960;2345Ft;8;13;21;29;34;40
2022;45;2022.11.13;0;0Ft;34;397520Ft;1996;6770Ft;31755;2355Ft;8;12;22;27;33;36
2022;44;2022.11.06;0;0Ft;37;341030Ft;1751;7205Ft;30770;2270Ft;1;6;9;26;28;41
2022;43;2022.10.30;0;0Ft;38;321480Ft;1668;7325Ft;29021;2330Ft;1;11;14;18;25;41
2022;42;2022.10.23;1;657508415Ft;57;238150Ft;2496;5440Ft;34491;2325Ft;4;12;23;28;34;44
2022;41;2022.10.16;0;0Ft;50;290865Ft;2310;6295Ft;36793;1790Ft;5;18;24;26;32;42
2022;40;2022.10.09;0;0Ft;50;278645Ft;2164;6440Ft;34380;1835Ft;3;6;18;38;42;43
2022;39;2022.10.02;0;0Ft;62;212460Ft;2309;5705Ft;32260;1850Ft;1;2;9;10;12;20
2022;38;2022.09.25;0;0Ft;27;484720Ft;1504;8700Ft;26455;2245Ft;1;15;21;26;31;35
2022;37;2022.09.18;0;0Ft;27;490550Ft;1622;8165Ft;29067;2065Ft;8;22;23;28;39;44
2022;36;2022.09.11;0;0Ft;32;407785Ft;1451;8995Ft;26658;2220Ft;2;4;18;30;36;43
2022;35;2022.09.04;1;597319280Ft;82;168880Ft;2916;4750Ft;42570;1485Ft;2;3;5;10;17;19
2022;34;2022.08.28;0;0Ft;23;588090Ft;1343;10070Ft;28626;2205Ft;10;16;17;18;23;35
2022;33;2022.08.21;0;0Ft;63;217660Ft;2625;5225Ft;40568;1530Ft;7;11;12;17;26;34
2022;32;2022.08.14;0;0Ft;19;748655Ft;1750;8130Ft;30534;2130Ft;1;7;15;16;24;38
2022;31;2022.08.07;0;0Ft;24;540065Ft;1512;8570Ft;29767;2075Ft;2;5;6;20;42;43
2022;30;2022.07.31;0;0Ft;43;292450Ft;2186;5755Ft;36200;1605Ft;3;4;10;17;26;42
2022;29;2022.07.24;1;339629875Ft;43;311545Ft;1858;7210Ft;32335;1895Ft;1;5;17;18;23;29
2022;28;2022.07.17;0;0Ft;33;413500Ft;1720;7935Ft;32217;2020Ft;2;31;34;39;44;45
2022;27;2022.07.10;0;0Ft;33;410270Ft;2244;6035Ft;38244;1635Ft;3;6;16;17;30;32
2022;26;2022.07.03;1;1881884715Ft;50;336740Ft;2274;7405Ft;38776;1980Ft;1;12;15;33;40;45
2022;25;2022.06.26;0;0Ft;56;297690Ft;3000;5555Ft;50455;1505Ft;3;9;12;13;38;44
2022;24;2022.06.19;0;0Ft;71;229740Ft;3235;5040Ft;49721;1495Ft;7;10;18;21;27;42
2022;23;2022.06.12;0;0Ft;56;286915Ft;2146;7485Ft;35342;2075Ft;5;24;28;36;39;44
2022;22;2022.06.05;0;0Ft;49;321665Ft;2486;6340Ft;40728;1765Ft;4;6;10;32;37;45
2022;21;2022.05.29;0;0Ft;32;493685Ft;2064;7655Ft;35163;2050Ft;6;7;15;22;35;41
2022;20;2022.05.22;0;0Ft;66;239900Ft;2837;5580Ft;42571;1695Ft;4;8;13;32;37;44
2022;19;2022.05.15;0;0Ft;56;313920Ft;2483;7080Ft;43393;1850Ft;6;11;21;28;40;41
2022;18;2022.05.08;0;0Ft;56;288485Ft;2176;7425Ft;35707;2065Ft;1;16;21;32;42;44
2022;17;2022.05.01;0;0Ft;16;954940Ft;1587;9630Ft;33676;2070Ft;11;12;18;28;43;44
2022;16;2022.04.24;0;0Ft;29;532305Ft;1652;9345Ft;32545;2165Ft;5;6;7;8;32;36
2022;15;2022.04.17;0;0Ft;63;242820Ft;2531;6045Ft;37954;1840Ft;6;10;24;37;39;42
2022;14;2022.04.10;0;0Ft;26;589510Ft;1731;8855Ft;33137;2110Ft;19;29;30;31;42;44
2022;13;2022.04.03;0;0Ft;44;335795Ft;2382;6205Ft;39012;1730Ft;8;19;25;27;41;45
2022;12;2022.03.27;0;0Ft;20;713420Ft;1597;8935Ft;33879;1965Ft;21;24;25;32;37;39
2022;11;2022.03.20;0;0Ft;32;469615Ft;1786;8415Ft;33515;2035Ft;12;13;17;28;35;38
2022;10;2022.03.13;0;0Ft;34;446155Ft;2189;6930Ft;37984;1825Ft;8;9;17;28;32;34
2022;9;2022.03.06;0;0Ft;33;430780Ft;1629;8725Ft;32600;2080Ft;2;17;31;32;37;38
2022;8;2022.02.27;0;0Ft;35;391780Ft;1767;7760Ft;31205;2030Ft;11;12;14;16;27;36
2022;7;2022.02.20;1;488383750Ft;89;171140Ft;3338;4565Ft;45021;1520Ft;7;14;17;26;33;37
2022;6;2022.02.13;0;0Ft;56;265520Ft;2588;5745Ft;43455;1630Ft;9;10;23;27;33;35
2022;5;2022.02.06;0;0Ft;34;416550Ft;1950;7265Ft;33411;1990Ft;2;18;24;26;35;37
2022;4;2022.01.30;0;0Ft;33;409785Ft;2095;6455Ft;35102;1780Ft;6;9;13;35;37;42
2022;3;2022.01.23;2;60273090Ft;73;188310Ft;2917;4715Ft;40813;1555Ft;4;6;9;19;28;40
2022;2;2022.01.16;1;384806215Ft;33;446215Ft;2060;7150Ft;36021;1950Ft;2;8;11;15;18;44
2022;1;2022.01.09;0;0Ft;31;463010Ft;2194;6540Ft;38830;1735Ft;2;3;12;16;18;41
2021;52;2022.01.02;0;0Ft;45;337495Ft;2600;5840Ft;42079;1665Ft;4;11;23;24;27;35
2021;51;2021.12.26;1;3165377480Ft;133;167310Ft;4859;4580Ft;65459;1550Ft;1;3;7;12;16;27
2021;50;2021.12.19;0;0Ft;44;541520Ft;3051;7810Ft;55447;1960Ft;7;29;32;37;41;42
2021;49;2021.12.12;0;0Ft;76;283895Ft;3318;6505Ft;54490;1805Ft;9;11;31;34;40;42
2021;48;2021.12.05;0;0Ft;28;758315Ft;1758;12080Ft;36859;2630Ft;2;30;31;35;36;42
2021;47;2021.11.28;0;0Ft;46;449810Ft;2308;8965Ft;40761;2315Ft;16;22;28;30;32;36
2021;46;2021.11.21;0;0Ft;61;323885Ft;3285;6015Ft;51787;1740Ft;4;9;17;28;29;43
2021;45;2021.11.14;0;0Ft;42;467475Ft;2483;7905Ft;44504;2015Ft;1;8;17;18;32;42
2021;44;2021.11.07;0;0Ft;33;550155Ft;2352;7720Ft;45240;1830Ft;2;6;7;8;13;37
2021;43;2021.10.31;0;0Ft;82;220945Ft;3336;5430Ft;47407;1745Ft;5;21;24;32;41;43
2021;42;2021.10.24;0;0Ft;33;529055Ft;1825;9565Ft;36272;2195Ft;13;31;34;35;36;39
2021;41;2021.10.17;0;0Ft;58;316850Ft;3408;5390Ft;51245;1635Ft;5;7;12;18;30;41
2021;40;2021.10.10;0;0Ft;45;398540Ft;2400;7475Ft;41781;1960Ft;2;5;16;17;18;38
2021;39;2021.10.03;0;0Ft;59;285445Ft;2320;7260Ft;36943;2080Ft;14;22;25;27;38;40
2021;38;2021.09.26;0;0Ft;59;281915Ft;2431;6840Ft;42774;1775Ft;2;9;10;18;22;25
2021;37;2021.09.19;0;0Ft;62;267925Ft;2796;5940Ft;45409;1670Ft;3;18;19;23;25;38
2021;36;2021.09.12;0;0Ft;45;367600Ft;2276;7270Ft;43246;1745Ft;2;3;11;13;20;38
2021;35;2021.09.05;0;0Ft;38;417900Ft;2041;7780Ft;38967;1860Ft;9;15;18;19;24;43
2021;34;2021.08.29;0;0Ft;54;290705Ft;2294;6845Ft;38551;1860Ft;4;19;25;27;35;40
2021;33;2021.08.22;0;0Ft;81;188830Ft;3048;5020Ft;43982;1585Ft;3;4;13;15;43;45
2021;32;2021.08.15;0;0Ft;21;816160Ft;1804;9500Ft;35151;2225Ft;1;2;11;37;42;44
2021;31;2021.08.08;0;0Ft;39;366610Ft;1935;7390Ft;32047;2035Ft;2;11;28;34;38;42
2021;30;2021.08.01;0;0Ft;59;227700Ft;2417;5560Ft;35129;1745Ft;2;6;12;20;25;28
2021;29;2021.07.25;0;0Ft;29;467545Ft;1585;8555Ft;29246;2115Ft;1;8;15;18;23;44
2021;28;2021.07.18;0;0Ft;35;390940Ft;1751;7815Ft;32395;1925Ft;8;16;17;19;24;39
2021;27;2021.07.11;0;0Ft;39;356155Ft;2146;6475Ft;38047;1665Ft;13;17;18;19;25;34
2021;26;2021.07.04;0;0Ft;53;252980Ft;2066;6490Ft;31997;1910Ft;11;14;16;27;29;37
2021;25;2021.06.27;0;0Ft;55;226935Ft;2243;5565Ft;34384;1695Ft;5;19;22;24;32;45
2021;24;2021.06.20;0;0Ft;23;568200Ft;1663;7860Ft;29084;2035Ft;2;19;22;24;25;27
2021;23;2021.06.13;0;0Ft;52;249545Ft;2169;5985Ft;33400;1775Ft;7;8;10;25;29;44
2021;22;2021.06.06;0;0Ft;49;246170Ft;2100;5745Ft;31708;1815Ft;1;6;11;22;30;33
2021;21;2021.05.30;0;0Ft;35;345265Ft;1394;8670Ft;25527;2185Ft;1;2;7;15;32;40
2021;20;2021.05.23;1;109731155Ft;71;176240Ft;2404;5205Ft;33852;1705Ft;5;16;19;28;33;42
2021;19;2021.05.16;1;225894000Ft;55;237830Ft;2018;6480Ft;30064;2075Ft;10;14;18;22;35;40
2021;18;2021.05.09;0;0Ft;36;358570Ft;1854;6965Ft;32279;1845Ft;16;18;32;33;41;43
2021;17;2021.05.02;1;315843540Ft;41;302310Ft;986;12570Ft;20834;2720Ft;32;36;37;39;40;41
2021;16;2021.04.25;0;0Ft;51;243935Ft;2488;5000Ft;36792;1615Ft;11;17;19;29;31;43
2021;15;2021.04.18;0;0Ft;32;402850Ft;1741;7405Ft;28612;2080Ft;2;18;34;37;38;43
2021;14;2021.04.11;1;219697755Ft;49;259380Ft;2325;5465Ft;36771;1650Ft;1;9;12;26;30;33
2021;13;2021.04.04;0;0Ft;24;523615Ft;1318;9535Ft;24421;2375Ft;1;15;17;18;32;40
2021;12;2021.03.28;1;618407720Ft;42;334690Ft;1866;7535Ft;32095;2000Ft;1;10;16;26;33;40
2021;11;2021.03.21;0;0Ft;15;930870Ft;1502;9295Ft;29471;2210Ft;5;28;31;34;35;42
2021;10;2021.03.14;0;0Ft;35;433180Ft;2104;7205Ft;39372;1745Ft;7;27;32;33;40;45
2021;9;2021.03.07;0;0Ft;25;570995Ft;1693;8430Ft;31646;2060Ft;8;14;17;21;22;40
2021;8;2021.02.28;0;0Ft;69;188960Ft;2491;5235Ft;36771;1690Ft;4;10;17;22;33;38
2021;7;2021.02.21;0;0Ft;25;530535Ft;1361;9745Ft;27085;2260Ft;1;8;10;33;34;44
2021;6;2021.02.14;1;463980760Ft;68;221995Ft;2615;5775Ft;38363;1770Ft;17;23;34;38;41;43
2021;5;2021.02.07;0;0Ft;32;427580Ft;1726;7925Ft;33921;1925Ft;1;10;11;16;25;32
2021;4;2021.01.31;0;0Ft;54;243630Ft;2066;6370Ft;30635;2015Ft;8;14;18;24;29;34
2021;3;2021.01.24;0;0Ft;36;361790Ft;1611;8085Ft;28105;2140Ft;12;15;31;34;38;41
2021;2;2021.01.17;1;518600260Ft;42;355180Ft;2253;6620Ft;35983;1865Ft;13;16;30;33;34;38
2021;1;2021.01.10;0;0Ft;48;287145Ft;2341;5890Ft;36687;1790Ft;2;13;24;25;38;43
2020;53;2021.01.03;0;0Ft;52;281145Ft;2171;6735Ft;33697;1965Ft;1;4;8;42;43;45
2020;52;2020.12.27;0;0Ft;23;568275Ft;1596;8190Ft;29867;1985Ft;5;7;19;36;37;40
2020;51;2020.12.20;0;0Ft;34;412715Ft;2301;6100Ft;39304;1620Ft;3;21;25;26;33;37
2020;50;2020.12.13;1;1376098325Ft;45;380915Ft;2726;6290Ft;48328;1620Ft;3;6;7;17;43;44
2020;49;2020.12.06;0;0Ft;50;326050Ft;2611;6245Ft;39221;1895Ft;5;17;22;28;32;34
2020;48;2020.11.29;0;0Ft;73;215290Ft;2715;5790Ft;39030;1835Ft;5;9;14;20;25;36
2020;47;2020.11.22;0;0Ft;47;333185Ft;2157;7260Ft;37040;1930Ft;2;4;10;14;15;19
2020;46;2020.11.15;0;0Ft;28;567820Ft;1960;8110Ft;34892;2080Ft;1;16;18;30;33;37
2020;45;2020.11.08;0;0Ft;40;364050Ft;2232;6525Ft;37315;1780Ft;11;19;30;31;40;42
2020;44;2020.11.01;0;0Ft;50;279605Ft;2038;6860Ft;33247;1920Ft;1;3;10;17;22;29
2020;43;2020.10.25;0;0Ft;32;435200Ft;1958;7115Ft;34816;1825Ft;9;21;22;29;31;45
2020;42;2020.10.18;0;0Ft;44;321665Ft;2209;6405Ft;35430;1825Ft;1;4;18;22;23;33
2020;41;2020.10.11;0;0Ft;30;485710Ft;1693;8605Ft;31467;2085Ft;21;28;34;38;43;45
2020;40;2020.10.04;0;0Ft;34;385640Ft;1957;6700Ft;33799;1850Ft;2;6;26;27;40;45
2020;39;2020.09.27;0;0Ft;35;366265Ft;2209;5805Ft;37394;1610Ft;5;9;10;11;26;32
2020;38;2020.09.20;0;0Ft;26;487790Ft;1533;8275Ft;26189;2270Ft;1;12;28;30;39;40
2020;37;2020.09.13;0;0Ft;33;388965Ft;1814;7075Ft;32103;1845Ft;7;10;14;31;32;42
2020;36;2020.09.06;1;674060235Ft;30;469865Ft;2141;6585Ft;35156;1805Ft;19;21;31;34;35;45
2020;35;2020.08.30;0;0Ft;26;532400Ft;1698;8150Ft;30350;2050Ft;6;19;20;36;44;45
2020;34;2020.08.23;0;0Ft;42;304810Ft;1977;6475Ft;31545;1935Ft;8;15;23;29;32;41
2020;33;2020.08.16;0;0Ft;68;203605Ft;2603;5320Ft;37309;1740Ft;2;5;18;29;33;44
2020;32;2020.08.09;0;0Ft;40;332755Ft;1714;7765Ft;29131;2145Ft;2;14;27;32;36;40
2020;31;2020.08.02;0;0Ft;37;339650Ft;1631;7705Ft;28370;2045Ft;1;7;12;16;29;37
2020;30;2020.07.26;2;321183850Ft;80;176235Ft;2425;5815Ft;36870;1805Ft;2;9;15;21;33;39
2020;29;2020.07.19;0;0Ft;48;292280Ft;2366;5930Ft;36255;1770Ft;13;16;29;33;39;43
2020;28;2020.07.12;0;0Ft;38;373590Ft;2228;6370Ft;36492;1750Ft;9;18;20;28;39;45
2020;27;2020.07.05;0;0Ft;37;349635Ft;1749;7395Ft;30320;2035Ft;14;23;31;35;41;43
2020;26;2020.06.28;0;0Ft;24;556230Ft;1130;11815Ft;24461;2475Ft;2;4;29;32;36;39
2020;25;2020.06.21;0;0Ft;30;435740Ft;1348;9695Ft;25425;2375Ft;1;14;25;26;38;43
2020;24;2020.06.14;2;471853415Ft;150;100960Ft;3700;4095Ft;44480;1605Ft;3;6;16;26;31;41
2020;23;2020.06.07;0;0Ft;70;208010Ft;2985;4880Ft;41428;1655Ft;4;12;18;22;33;41
2020;22;2020.05.31;0;0Ft;36;392255Ft;1852;7625Ft;32100;2010Ft;3;15;16;32;35;42
2020;21;2020.05.24;0;0Ft;47;308075Ft;2028;7140Ft;31965;2040Ft;5;16;23;35;39;43
2020;20;2020.05.17;0;0Ft;52;263720Ft;2527;5425Ft;37954;1725Ft;7;12;14;24;39;44
2020;19;2020.05.10;0;0Ft;27;504510Ft;1215;11210Ft;23963;2625Ft;1;25;27;35;36;40
2020;18;2020.05.03;0;0Ft;48;273455Ft;1976;6645Ft;33169;1820Ft;9;19;20;29;44;45
2020;17;2020.04.26;0;0Ft;33;391335Ft;1712;7545Ft;29234;2030Ft;12;13;15;25;38;43
2020;16;2020.04.19;0;0Ft;29;431205Ft;1366;9155Ft;25412;2265Ft;1;4;6;16;35;38
2020;15;2020.04.12;2;129487825Ft;40;316340Ft;2005;6310Ft;33570;1735Ft;3;5;25;26;39;45
2020;14;2020.04.05;0;0Ft;93;135405Ft;3348;3760Ft;43806;1320Ft;6;9;19;25;33;45
2020;13;2020.03.29;0;0Ft;22;600705Ft;1171;11285Ft;24892;2440Ft;15;21;22;23;28;39
2020;12;2020.03.22;1;212985175Ft;109;132875Ft;3967;3650Ft;51264;1300Ft;3;10;12;19;23;33
2020;11;2020.03.15;0;0Ft;44;389735Ft;1964;8730Ft;38648;2040Ft;13;19;20;28;34;44
2020;10;2020.03.08;1;220710255Ft;89;189005Ft;3226;5215Ft;46171;1675Ft;6;11;24;34;43;45
2020;9;2020.03.01;0;0Ft;53;301085Ft;2198;7260Ft;37555;1955Ft;5;12;18;30;37;42
2020;8;2020.02.23;1;328371365Ft;44;375270Ft;2185;7555Ft;36717;2070Ft;2;16;22;33;43;44
2020;7;2020.02.16;0;0Ft;64;259655Ft;2368;7020Ft;40807;1875Ft;6;24;26;31;42;44
2020;6;2020.02.09;0;0Ft;37;422655Ft;1616;9675Ft;31426;2290Ft;7;20;26;30;35;36
2020;5;2020.02.02;1;715966640Ft;47;353930Ft;2148;7745Ft;37087;2065Ft;12;15;25;32;39;42
2020;4;2020.01.26;0;0Ft;50;324710Ft;2871;5655Ft;44937;1660Ft;4;13;33;37;40;41
2020;3;2020.01.19;0;0Ft;67;247005Ft;2728;6065Ft;42821;1780Ft;3;6;15;24;27;35
2020;2;2020.01.12;0;0Ft;36;454295Ft;2252;7260Ft;40018;1880Ft;3;7;32;36;43;44
2020;1;2020.01.05;0;0Ft;63;236065Ft;2703;5500Ft;41067;1705Ft;7;10;17;24;36;42
2019;52;2019.12.29;0;0Ft;35;429840Ft;2073;7255Ft;35189;1665Ft;1;10;14;31;33;41
2019;51;2019.12.22;0;0Ft;62;253005Ft;3054;5135Ft;44481;1370Ft;5;9;17;30;37;40
2019;50;2019.12.15;2;1051934000Ft;84;264900Ft;3291;6760Ft;50644;1710Ft;10;14;16;26;36;42
2019;49;2019.12.08;0;0Ft;48;411705Ft;2677;7380Ft;48300;1590Ft;2;12;15;18;19;45
2019;48;2019.12.01;0;0Ft;93;199530Ft;3287;5645Ft;48210;1495Ft;10;14;18;30;33;41
2019;47;2019.11.24;0;0Ft;92;200485Ft;3352;5505Ft;48105;1490Ft;5;17;20;24;30;34
2019;46;2019.11.17;0;0Ft;59;313505Ft;2484;7445Ft;47120;1525Ft;3;4;5;24;30;45
2019;45;2019.11.10;0;0Ft;54;336915Ft;2936;6195Ft;44616;1585Ft;6;10;20;25;28;36
2019;44;2019.11.03;0;0Ft;90;192565Ft;4053;4275Ft;55171;1220Ft;3;11;13;16;24;37
2019;43;2019.10.27;0;0Ft;52;341590Ft;2754;6450Ft;48795;1415Ft;13;14;17;19;29;31
2019;42;2019.10.20;0;0Ft;49;379425Ft;2726;6820Ft;43813;1650Ft;1;8;11;14;25;42
2019;41;2019.10.13;0;0Ft;48;388315Ft;2957;6305Ft;49829;1455Ft;2;10;13;30;37;45
2019;40;2019.10.06;0;0Ft;73;238505Ft;2853;6105Ft;41707;1625Ft;4;8;14;22;41;44
2019;39;2019.09.29;0;0Ft;45;368990Ft;2478;6700Ft;39483;1635Ft;5;14;18;20;26;38
2019;38;2019.09.22;0;0Ft;46;344535Ft;2317;6840Ft;40906;1505Ft;19;23;24;26;39;42
2019;37;2019.09.15;0;0Ft;36;463550Ft;2482;6725Ft;42712;1520Ft;13;16;20;33;34;41
2019;36;2019.09.08;0;0Ft;63;245345Ft;2361;6545Ft;38431;1565Ft;2;6;8;23;36;45
2019;35;2019.09.01;0;0Ft;36;410060Ft;2161;6830Ft;36554;1570Ft;4;18;19;22;28;42
2019;34;2019.08.25;0;0Ft;65;224895Ft;2144;6820Ft;33916;1675Ft;3;14;16;22;38;44
2019;33;2019.08.18;0;0Ft;48;327345Ft;2632;5970Ft;41358;1475Ft;2;12;18;26;39;45
2019;32;2019.08.11;0;0Ft;24;637570Ft;1523;10045Ft;31734;1875Ft;1;2;24;27;34;40
2019;31;2019.08.04;0;0Ft;18;804795Ft;1382;10480Ft;29050;1940Ft;2;3;14;15;34;42
2019;30;2019.07.28;0;0Ft;44;325690Ft;2095;6840Ft;35056;1590Ft;9;12;16;20;34;43
2019;29;2019.07.21;0;0Ft;41;353415Ft;2447;5920Ft;39751;1420Ft;7;12;27;39;40;44
2019;28;2019.07.14;0;0Ft;39;386775Ft;1737;8685Ft;32989;1780Ft;15;23;35;42;44;45
2019;27;2019.07.07;0;0Ft;18;780255Ft;1423;9870Ft;29178;1870Ft;14;18;21;22;43;44
2019;26;2019.06.30;2;72318865Ft;42;331080Ft;2039;6820Ft;33176;1630Ft;8;10;14;26;28;41
2019;25;2019.06.23;0;0Ft;43;320725Ft;1926;7160Ft;32403;1655Ft;16;19;22;29;32;45
2019;24;2019.06.16;1;72642005Ft;46;302395Ft;2653;5245Ft;40945;1320Ft;7;17;26;28;31;32
2019;23;2019.06.09;1;877491045Ft;37;437880Ft;1788;9060Ft;32379;1945Ft;15;18;22;28;35;44
2019;22;2019.06.02;0;0Ft;32;502885Ft;1680;9580Ft;35598;1760Ft;11;12;15;22;23;34
2019;21;2019.05.26;0;0Ft;37;444720Ft;2070;7950Ft;36805;1740Ft;1;4;18;26;33;36
2019;20;2019.05.19;0;0Ft;67;248740Ft;2808;5935Ft;42910;1510Ft;11;21;22;25;41;43
2019;19;2019.05.12;0;0Ft;92;182540Ft;3421;4910Ft;47482;1375Ft;3;10;14;17;26;37
2019;18;2019.05.05;0;0Ft;29;561035Ft;1941;8380Ft;35455;1785Ft;8;16;18;21;34;35
2019;17;2019.04.28;0;0Ft;32;506215Ft;2269;7140Ft;40936;1540Ft;4;13;26;42;43;44
2019;16;2019.04.21;0;0Ft;60;290135Ft;2780;6260Ft;44570;1520Ft;6;17;22;25;41;43
2019;15;2019.04.14;0;0Ft;31;593285Ft;2688;6840Ft;47922;1495Ft;4;9;33;34;38;42
2019;14;2019.04.07;0;0Ft;31;566255Ft;2000;8775Ft;38416;1775Ft;2;8;9;30;32;37
2019;13;2019.03.31;1;1688365935Ft;79;306985Ft;4072;5955Ft;63614;1485Ft;3;12;17;22;35;41
2019;12;2019.03.24;0;0Ft;49;484980Ft;2528;9400Ft;50167;1840Ft;1;4;6;35;38;45
2019;11;2019.03.17;0;0Ft;72;335445Ft;4041;5975Ft;66108;1420Ft;2;10;21;25;27;31
2019;10;2019.03.10;0;0Ft;48;491710Ft;3037;7770Ft;57675;1590Ft;13;19;35;41;42;45
2019;9;2019.03.03;0;0Ft;83;257395Ft;3330;6415Ft;51969;1600Ft;3;15;21;30;35;41
2019;8;2019.02.24;0;0Ft;58;353870Ft;2813;7295Ft;47417;1685Ft;6;12;15;22;26;37
2019;7;2019.02.17;0;0Ft;40;469315Ft;1951;9620Ft;36669;1990Ft;6;15;34;35;39;44
2019;6;2019.02.10;0;0Ft;37;483085Ft;2094;8535Ft;39676;1750Ft;2;9;16;31;32;38
2019;5;2019.02.03;0;0Ft;33;497050Ft;1713;9575Ft;32802;1945Ft;1;8;16;26;40;41
2019;4;2019.01.27;0;0Ft;46;344145Ft;2277;6950Ft;37918;1625Ft;2;17;28;33;34;38
2019;3;2019.01.20;0;0Ft;81;201265Ft;3158;5160Ft;45796;1385Ft;13;18;26;28;33;38
2019;2;2019.01.13;0;0Ft;27;586990Ft;1600;9905Ft;28436;2165Ft;1;2;22;28;35;43
2019;1;2019.01.06;0;0Ft;33;427395Ft;2044;6900Ft;33598;1630Ft;6;20;25;35;41;45
2018;52;2018.12.30;0;0Ft;34;433380Ft;1798;8195Ft;33046;1735Ft;21;26;28;30;38;41
2018;51;2018.12.23;0;0Ft;43;344165Ft;2267;6530Ft;35273;1630Ft;12;26;28;34;37;42
2018;50;2018.12.16;0;0Ft;62;224135Ft;2412;5760Ft;37653;1435Ft;4;7;15;17;28;40
2018;49;2018.12.09;0;0Ft;26;539250Ft;1721;8145Ft;33004;1650Ft;19;22;26;27;32;45
2018;48;2018.12.02;0;0Ft;50;261190Ft;2189;5965Ft;33816;1500Ft;4;24;26;30;40;45
2018;47;2018.11.25;1;437940455Ft;20;723775Ft;1251;11570Ft;26034;2375Ft;8;20;21;28;38;39
2018;46;2018.11.18;0;0Ft;45;331350Ft;2113;7055Ft;33943;1710Ft;8;21;26;30;39;40
2018;45;2018.11.11;0;0Ft;23;630910Ft;1461;9930Ft;29009;1945Ft;3;16;20;28;35;36
2018;44;2018.11.04;0;0Ft;36;370410Ft;1783;7480Ft;31476;1650Ft;1;4;10;34;42;45
2018;43;2018.10.28;0;0Ft;24;551500Ft;1405;9420Ft;28694;1795Ft;1;10;11;31;34;38
2018;42;2018.10.21;0;0Ft;28;478325Ft;1761;7605Ft;30133;1730Ft;1;16;30;33;41;44
2018;41;2018.10.14;1;71633005Ft;43;319000Ft;2395;5725Ft;38549;1385Ft;1;3;11;20;26;33
2018;40;2018.10.07;1;675004095Ft;138;114535Ft;3867;4085Ft;48770;1260Ft;9;13;19;24;36;39
2018;39;2018.09.30;0;0Ft;58;264995Ft;2728;5635Ft;45029;1325Ft;13;16;17;24;33;43
2018;38;2018.09.23;0;0Ft;41;357905Ft;2113;6945Ft;36351;1705Ft;3;21;22;26;36;45
2018;37;2018.09.16;0;0Ft;38;396290Ft;2143;7025Ft;37737;1550Ft;1;8;9;12;13;39
2018;36;2018.09.09;0;0Ft;44;327855Ft;2215;6515Ft;35789;1570Ft;2;18;20;25;31;44
2018;35;2018.09.02;0;0Ft;26;525040Ft;1709;7990Ft;30651;1730Ft;5;7;15;32;34;38
2018;34;2018.08.26;0;0Ft;19;705710Ft;1738;7715Ft;30500;1710Ft;2;4;10;14;17;36
2018;33;2018.08.19;0;0Ft;14;966630Ft;1152;11745Ft;26683;1970Ft;15;16;17;18;27;43
2018;32;2018.08.12;0;0Ft;31;429970Ft;2013;6620Ft;34795;1490Ft;3;12;17;40;42;43
2018;31;2018.08.05;1;137183740Ft;95;140450Ft;3104;4300Ft;40833;1270Ft;4;13;17;22;27;43
2018;30;2018.07.29;0;0Ft;52;248585Ft;1414;9140Ft;23396;2150Ft;6;35;37;38;40;41
2018;29;2018.07.22;2;143433685Ft;125;110270Ft;4529;3045Ft;54768;980Ft;7;11;17;21;25;33
2018;28;2018.07.15;0;0Ft;81;180695Ft;2526;5795Ft;36495;1560Ft;14;17;20;22;33;37
2018;27;2018.07.08;0;0Ft;27;500225Ft;1435;9410Ft;30490;1725Ft;4;21;26;27;29;30
2018;26;2018.07.01;0;0Ft;32;406435Ft;1708;7615Ft;30966;1635Ft;3;5;23;29;40;42
2018;25;2018.06.24;1;219274080Ft;37;372775Ft;1818;7585Ft;34137;1570Ft;2;4;9;37;41;42
2018;24;2018.06.17;0;0Ft;44;327465Ft;2101;6860Ft;32560;1720Ft;15;19;27;36;39;42
2018;23;2018.06.10;0;0Ft;69;199820Ft;2655;5195Ft;42203;1270Ft;9;10;23;25;33;40
2018;22;2018.06.03;1;521982145Ft;56;257535Ft;2394;6025Ft;33754;1660Ft;1;7;14;16;43;45
2018;21;2018.05.27;0;0Ft;33;432540Ft;2167;6585Ft;36297;1530Ft;7;16;19;38;39;43
2018;20;2018.05.20;0;0Ft;42;345805Ft;2443;5945Ft;37459;1510Ft;2;10;22;23;32;45
2018;19;2018.05.13;0;0Ft;53;277975Ft;2399;6140Ft;40482;1415Ft;2;6;11;18;19;37
2018;18;2018.05.06;0;0Ft;21;661465Ft;1774;7830Ft;33023;1635Ft;20;21;33;35;39;45
2018;17;2018.04.29;0;0Ft;87;161445Ft;3460;4060Ft;48092;1135Ft;3;5;11;13;18;26
2018;16;2018.04.22;0;0Ft;65;216380Ft;2563;5490Ft;36592;1495Ft;2;5;15;27;31;41
2018;15;2018.04.15;1;1285553400Ft;63;331610Ft;3784;5520Ft;60463;1345Ft;11;13;21;23;30;43
2018;14;2018.04.08;0;0Ft;43;455050Ft;1862;10510Ft;39359;1935Ft;1;2;3;34;37;44
2018;13;2018.04.01;0;0Ft;66;283205Ft;2882;6485Ft;47419;1535Ft;7;10;22;30;32;41
2018;12;2018.03.25;0;0Ft;140;128670Ft;5058;3560Ft;63626;1100Ft;3;7;13;18;24;29
2018;11;2018.03.18;0;0Ft;27;652360Ft;2532;6955Ft;47644;1440Ft;4;5;8;13;16;41
2018;10;2018.03.11;0;0Ft;53;320570Ft;2728;6230Ft;42116;1570Ft;1;6;18;28;32;40
2018;9;2018.03.04;0;0Ft;45;348085Ft;2081;7525Ft;34532;1765Ft;11;22;27;34;36;43
2018;8;2018.02.25;0;0Ft;73;209355Ft;3122;4895Ft;46097;1290Ft;3;9;24;29;34;45
2018;7;2018.02.18;0;0Ft;51;304045Ft;2590;5985Ft;41794;1445Ft;8;9;20;31;33;41
2018;6;2018.02.11;0;0Ft;42;366865Ft;2349;6560Ft;39962;1500Ft;5;8;9;24;41;43
2018;5;2018.02.04;0;0Ft;22;670555Ft;1636;9015Ft;31540;1820Ft;12;15;17;28;41;42
2018;4;2018.01.28;0;0Ft;67;218495Ft;2131;6870Ft;34725;1640Ft;17;20;22;31;42;44
2018;3;2018.01.21;0;0Ft;48;305280Ft;2246;6525Ft;38223;1490Ft;1;4;6;12;19;34
2018;2;2018.01.14;0;0Ft;87;168785Ft;3079;4770Ft;42335;1350Ft;4;19;23;33;42;43
2018;1;2018.01.07;0;0Ft;47;293845Ft;2489;5550Ft;37812;1420Ft;4;17;27;34;42;45
2017;52;2018.01.01;1;733478200Ft;87;224985Ft;3611;5420Ft;55228;1380Ft;4;11;13;22;26;30
2017;51;2017.12.23;0;0Ft;51;308735Ft;2116;7440Ft;35800;1710Ft;6;20;22;29;33;41
2017;50;2017.12.17;0;0Ft;42;377815Ft;2126;7465Ft;35296;1750Ft;2;12;15;21;22;26
2017;49;2017.12.10;0;0Ft;55;286730Ft;2251;7005Ft;37930;1615Ft;2;14;27;33;39;42
2017;48;2017.12.03;0;0Ft;41;361485Ft;2009;7375Ft;35345;1630Ft;6;16;24;41;42;45
2017;47;2017.11.26;0;0Ft;60;248595Ft;2775;5375Ft;41818;1385Ft;1;9;15;18;21;33
2017;46;2017.11.19;0;0Ft;79;191995Ft;2909;5215Ft;44878;1315Ft;6;19;25;31;39;45
2017;45;2017.11.12;0;0Ft;41;366560Ft;1924;7810Ft;32104;1820Ft;1;24;33;36;40;42
2017;44;2017.11.05;0;0Ft;86;157705Ft;3717;3650Ft;47924;1100Ft;3;7;16;19;27;37
2017;43;2017.10.29;1;143451285Ft;136;101355Ft;3148;4380Ft;39473;1360Ft;6;17;21;29;33;43
2017;42;2017.10.22;0;0Ft;79;173230Ft;2271;6025Ft;36001;1480Ft;6;17;21;23;38;40
2017;41;2017.10.15;1;613915645Ft;38;425720Ft;1883;8590Ft;37214;1690Ft;4;6;28;41;44;45
2017;40;2017.10.08;0;0Ft;45;335225Ft;2248;6710Ft;38286;1530Ft;6;17;18;27;35;40
2017;39;2017.10.01;0;0Ft;63;230325Ft;2493;5820Ft;39097;1445Ft;1;7;12;27;34;45
2017;38;2017.09.24;0;0Ft;34;425110Ft;1821;7935Ft;31989;1755Ft;1;8;9;31;38;45
2017;37;2017.09.17;0;0Ft;42;347240Ft;1693;8615Ft;31255;1815Ft;6;8;20;27;36;44
2017;36;2017.09.10;0;0Ft;20;724560Ft;1572;9220Ft;33430;1685Ft;2;6;13;30;31;37
2017;35;2017.09.03;0;0Ft;31;455035Ft;1776;7945Ft;32852;1670Ft;3;25;26;36;38;40
2017;34;2017.08.27;0;0Ft;100;141500Ft;3397;4165Ft;45538;1210Ft;9;24;27;29;33;44
2017;33;2017.08.20;1;1043445500Ft;33;533445Ft;1817;9690Ft;36257;1890Ft;2;22;23;30;43;45
2017;32;2017.08.13;0;0Ft;46;375640Ft;2381;7255Ft;40276;1670Ft;19;22;28;34;39;45
2017;31;2017.08.06;0;0Ft;34;467415Ft;1924;8260Ft;36069;1715Ft;1;23;25;27;35;45
2017;30;2017.07.30;0;0Ft;64;243935Ft;2797;5580Ft;40715;1490Ft;4;13;14;16;31;41
2017;29;2017.07.23;0;0Ft;24;645180Ft;1573;9845Ft;30386;1980Ft;1;5;20;28;29;41
2017;28;2017.07.16;0;0Ft;45;349870Ft;1749;9000Ft;33942;1805Ft;5;12;14;15;17;18
2017;27;2017.07.09;0;0Ft;61;249795Ft;2316;6580Ft;41220;1440Ft;2;3;4;8;9;25
2017;26;2017.07.02;0;0Ft;25;588425Ft;1515;9710Ft;28885;1980Ft;16;20;22;27;36;39
2017;25;2017.06.25;0;0Ft;41;355370Ft;2060;7075Ft;32854;1725Ft;10;20;30;34;37;42
2017;24;2017.06.18;0;0Ft;29;515325Ft;1762;8480Ft;32017;1815Ft;5;14;17;36;37;39
2017;23;2017.06.11;0;0Ft;27;542580Ft;1672;8760Ft;31990;1780Ft;2;15;19;20;23;28
2017;22;2017.06.04;0;0Ft;61;231000Ft;2127;6625Ft;32477;1685Ft;2;5;16;21;36;42
2017;21;2017.05.28;0;0Ft;38;368155Ft;1925;7265Ft;34029;1600Ft;6;16;23;24;34;39
2017;20;2017.05.21;1;237810990Ft;41;364010Ft;2109;7075Ft;37389;1550Ft;13;17;22;38;39;45
2017;19;2017.05.14;0;0Ft;40;391975Ft;2233;7020Ft;40975;1490Ft;7;8;13;14;17;22
2017;18;2017.05.07;0;0Ft;31;481765Ft;1751;8530Ft;33454;1735Ft;1;19;27;29;30;41
2017;17;2017.04.30;1;77587455Ft;55;270130Ft;2492;5960Ft;40313;1435Ft;6;17;21;23;25;38
2017;16;2017.04.23;1;1571704395Ft;89;250070Ft;3644;6110Ft;57291;1510Ft;4;7;14;22;32;40
2017;15;2017.04.16;0;0Ft;79;284635Ft;3429;6560Ft;58077;1505Ft;18;19;21;25;31;43
2017;14;2017.04.09;0;0Ft;61;364660Ft;3308;6725Ft;57013;1515Ft;3;12;14;16;19;40
2017;13;2017.04.02;0;0Ft;68;296575Ft;3566;5655Ft;53294;1470Ft;19;23;32;34;35;45
2017;12;2017.03.26;0;0Ft;72;275465Ft;2909;6820Ft;49217;1565Ft;1;17;26;27;38;45
2017;11;2017.03.19;0;0Ft;36;535785Ft;2200;8765Ft;42365;1770Ft;10;11;18;29;30;35
2017;10;2017.03.12;0;0Ft;45;388010Ft;2066;8450Ft;35936;1890Ft;10;14;16;20;40;43
2017;9;2017.03.05;0;0Ft;29;573180Ft;1781;9335Ft;33687;1920Ft;1;28;30;33;40;42
2017;8;2017.02.26;0;0Ft;48;337100Ft;2388;6775Ft;40319;1560Ft;5;9;16;32;35;40
2017;7;2017.02.19;0;0Ft;47;343825Ft;2233;7235Ft;38638;1625Ft;6;14;21;27;34;37
2017;6;2017.02.12;0;0Ft;50;323445Ft;2175;7435Ft;38871;1620Ft;3;4;5;12;20;29
2017;5;2017.02.05;0;0Ft;46;332840Ft;2520;6075Ft;42384;1405Ft;4;12;13;23;29;41
2017;4;2017.01.29;0;0Ft;21;712985Ft;1340;11175Ft;29230;1990Ft;9;22;30;31;32;38
2017;3;2017.01.22;0;0Ft;19;787630Ft;1527;9800Ft;33837;1720Ft;9;10;22;30;37;39
2017;2;2017.01.15;0;0Ft;50;325760Ft;2474;6585Ft;43130;1470Ft;8;9;13;15;21;39
2017;1;2017.01.08;0;0Ft;28;526705Ft;2198;6710Ft;38961;1470Ft;3;14;21;25;26;45
2016;52;2017.01.01;0;0Ft;38;416035Ft;1709;9250Ft;31049;1980Ft;22;30;32;35;39;43
2016;51;2016.12.25;1;845722235Ft;63;287065Ft;2716;6660Ft;42550;1655Ft;14;24;28;32;40;42
2016;50;2016.12.18;0;0Ft;41;428440Ft;2536;6925Ft;39277;1740Ft;14;25;36;40;44;45
2016;49;2016.12.11;0;0Ft;72;237540Ft;3184;5370Ft;47437;1400Ft;16;18;23;26;31;34
2016;48;2016.12.04;0;0Ft;28;583430Ft;1890;8645Ft;34450;1845Ft;2;17;29;37;38;39
2016;47;2016.11.27;0;0Ft;46;324850Ft;2366;6315Ft;40540;1435Ft;4;21;26;31;33;37
2016;46;2016.11.20;0;0Ft;55;271785Ft;2203;6785Ft;39090;1485Ft;4;9;10;23;36;39
2016;45;2016.11.13;0;0Ft;63;238140Ft;2646;5670Ft;38215;1525Ft;19;23;32;35;42;43
2016;44;2016.11.06;0;0Ft;21;666895Ft;1561;8970Ft;32419;1510Ft;6;8;27;30;31;32
2016;43;2016.10.30;0;0Ft;105;133460Ft;3717;3770Ft;46377;1060Ft;6;11;13;23;26;39
2016;42;2016.10.23;0;0Ft;18;763295Ft;1297;10595Ft;26548;1810Ft;2;29;35;37;39;41
2016;41;2016.10.16;0;0Ft;46;302235Ft;2863;4855Ft;45877;1060Ft;7;17;23;26;27;41
2016;40;2016.10.09;1;188880460Ft;58;248575Ft;2001;7205Ft;33976;1485Ft;7;11;15;31;36;38
2016;39;2016.10.02;0;0Ft;28;501610Ft;1632;8605Ft;31417;1565Ft;23;25;31;34;36;43
2016;38;2016.09.25;0;0Ft;28;482530Ft;1808;7475Ft;31730;1490Ft;5;14;24;29;32;37
2016;37;2016.09.18;1;258324710Ft;45;337415Ft;1912;7940Ft;31823;1670Ft;2;12;15;29;39;43
2016;36;2016.09.11;0;0Ft;69;215035Ft;2775;5345Ft;42199;1230Ft;3;4;12;23;34;41
2016;35;2016.09.04;0;0Ft;54;256760Ft;2774;5000Ft;41131;1180Ft;3;11;26;32;34;44
2016;34;2016.08.28;0;0Ft;42;321895Ft;2265;5970Ft;37406;1265Ft;3;16;25;26;30;32
2016;33;2016.08.21;1;59005565Ft;48;273175Ft;2031;6455Ft;32533;1410Ft;2;4;10;12;18;36
2016;32;2016.08.14;1;63816235Ft;37;383280Ft;1826;7765Ft;31338;1585Ft;1;13;18;28;29;43
2016;31;2016.08.07;1;398788285Ft;35;430210Ft;1765;8530Ft;31771;1660Ft;2;24;34;36;42;43
2016;30;2016.07.31;0;0Ft;63;229955Ft;2306;6280Ft;40444;1255Ft;1;7;9;10;23;30
2016;29;2016.07.24;0;0Ft;47;313125Ft;2782;5290Ft;43032;1195Ft;6;10;13;23;30;39
2016;28;2016.07.17;0;0Ft;24;648675Ft;1972;7895Ft;37923;1435Ft;5;8;9;33;42;43
2016;27;2016.07.10;0;0Ft;87;176095Ft;3228;4745Ft;42818;1250Ft;9;15;20;24;32;37
2016;26;2016.07.03;0;0Ft;41;328530Ft;1841;7315Ft;29707;1585Ft;4;14;17;34;36;43
2016;25;2016.06.26;1;60659745Ft;65;207385Ft;2941;4585Ft;43617;1080Ft;13;19;26;31;40;45
2016;24;2016.06.19;1;262920450Ft;66;223500Ft;2597;5680Ft;42668;1210Ft;9;11;17;28;34;45
2016;23;2016.06.12;0;0Ft;38;399310Ft;1940;7820Ft;36929;1440Ft;10;16;27;34;43;45
2016;22;2016.06.05;0;0Ft;44;331080Ft;2368;6150Ft;39134;1305Ft;2;5;9;15;18;41
2016;21;2016.05.29;0;0Ft;65;214375Ft;2496;5585Ft;35638;1370Ft;2;10;23;28;38;42
2016;20;2016.05.22;1;277344335Ft;65;242225Ft;2631;5985Ft;41591;1325Ft;21;26;31;39;42;44
2016;19;2016.05.15;0;0Ft;57;301680Ft;2948;5835Ft;46177;1305Ft;11;18;23;29;33;36
2016;18;2016.05.08;0;0Ft;24;617265Ft;1489;9950Ft;28718;1805Ft;4;15;22;30;34;37
2016;17;2016.05.01;0;0Ft;18;770950Ft;1226;11320Ft;24622;1975Ft;1;22;24;30;37;44
2016;16;2016.04.24;3;44265910Ft;93;161755Ft;2988;5035Ft;42683;1235Ft;5;7;9;11;12;14
2016;15;2016.04.17;0;0Ft;52;278215Ft;2339;6185Ft;35005;1445Ft;2;12;15;23;39;44
2016;14;2016.04.10;1;65382640Ft;66;220145Ft;2784;5220Ft;42500;1195Ft;4;12;13;23;32;40
2016;13;2016.04.03;1;63162465Ft;63;222795Ft;2995;4685Ft;43629;1125Ft;9;13;17;24;35;40
2016;12;2016.03.27;1;357206205Ft;102;156285Ft;3205;4975Ft;45195;1235Ft;2;11;20;23;41;45
2016;11;2016.03.20;0;0Ft;70;222355Ft;3204;4860Ft;46821;1165Ft;1;6;11;24;27;31
2016;10;2016.03.13;0;0Ft;69;242405Ft;2990;5595Ft;49426;1185Ft;4;17;23;25;30;33
2016;9;2016.03.06;0;0Ft;27;594280Ft;1474;10885Ft;30693;1830Ft;1;4;29;34;43;44
2016;8;2016.02.28;0;0Ft;51;296105Ft;2715;5560Ft;43385;1220Ft;3;21;26;32;39;45
2016;7;2016.02.21;1;772019780Ft;63;305730Ft;3144;6125Ft;49024;1375Ft;3;14;16;31;38;44
2016;6;2016.02.14;0;0Ft;36;539075Ft;2281;8510Ft;41603;1635Ft;10;12;15;22;42;45
2016;5;2016.02.07;0;0Ft;69;269125Ft;3130;5935Ft;51975;1460Ft;6;9;10;24;30;35
2016;4;2016.01.31;0;0Ft;77;236905Ft;3167;5760Ft;47917;1330Ft;11;20;22;33;40;45
2016;3;2016.01.24;0;0Ft;83;206855Ft;3395;5055Ft;51389;1170Ft;7;18;26;33;38;44
2016;2;2016.01.17;0;0Ft;37;472355Ft;2177;8030Ft;41092;1490Ft;4;6;11;15;17;36
2016;1;2016.01.10;0;0Ft;26;600360Ft;1407;11095Ft;29759;1835Ft;21;35;36;41;43;44
2015;53;2016.01.03;0;0Ft;22;739990Ft;1648;9880Ft;30703;1855Ft;1;2;23;35;39;42
2015;52;2015.12.27;0;0Ft;25;570245Ft;1541;9250Ft;34639;1440Ft;2;3;4;16;17;34
2015;51;2015.12.20;0;0Ft;99;150930Ft;3522;4240Ft;52355;1000Ft;5;7;10;11;17;21
2015;50;2015.12.13;1;68097805Ft;42;360305Ft;2364;6400Ft;40514;1305Ft;1;7;9;20;28;37
2015;49;2015.12.06;1;429254115Ft;49;335410Ft;2733;6015Ft;42348;1360Ft;2;10;12;14;22;24
2015;48;2015.11.29;0;0Ft;25;621655Ft;1512;10280Ft;29781;1825Ft;1;2;8;34;37;44
2015;47;2015.11.22;0;0Ft;103;151995Ft;3353;4670Ft;46212;1185Ft;3;10;17;24;40;45
2015;46;2015.11.15;0;0Ft;45;396255Ft;2285;7805Ft;38346;1630Ft;2;8;22;34;37;40
2015;45;2015.11.08;0;0Ft;58;270235Ft;2613;6000Ft;44285;1240Ft;3;4;11;18;28;38
2015;44;2015.11.01;0;0Ft;48;296930Ft;2676;5325Ft;45240;1105Ft;9;19;23;24;30;45
2015;43;2015.10.25;1;574795270Ft;42;399355Ft;2568;6530Ft;48087;1220Ft;2;11;13;17;18;37
2015;42;2015.10.18;0;0Ft;72;227305Ft;3183;5140Ft;47140;1215Ft;10;18;21;28;32;41
2015;41;2015.10.11;0;0Ft;40;404820Ft;2555;6340Ft;45321;1250Ft;3;9;12;13;15;36
2015;40;2015.10.04;0;0Ft;67;235985Ft;3255;4855Ft;49490;1120Ft;9;19;25;38;39;41
2015;39;2015.09.27;0;0Ft;33;467285Ft;2051;7520Ft;38127;1415Ft;5;12;14;20;32;33
2015;38;2015.09.20;0;0Ft;47;343710Ft;3096;5220Ft;47590;1190Ft;1;9;23;24;27;39
2015;37;2015.09.13;0;0Ft;42;387280Ft;2623;6200Ft;42241;1350Ft;1;4;13;26;28;37
2015;36;2015.09.06;0;0Ft;51;289200Ft;2582;5710Ft;40973;1260Ft;5;6;17;20;21;30
2015;35;2015.08.30;1;923271950Ft;56;319820Ft;2968;6035Ft;45442;1380Ft;6;11;25;36;40;45
2015;34;2015.08.23;0;0Ft;43;401330Ft;2107;8190Ft;39176;1540Ft;2;31;38;40;43;45
2015;33;2015.08.16;0;0Ft;41;430080Ft;2152;8195Ft;39492;1565Ft;12;14;22;31;37;42
2015;32;2015.08.09;0;0Ft;54;303140Ft;2488;6580Ft;41355;1385Ft;1;11;24;32;37;44
2015;31;2015.08.02;0;0Ft;49;344125Ft;2458;6860Ft;45257;1305Ft;9;10;17;31;32;39
2015;30;2015.07.26;0;0Ft;72;227435Ft;3048;5370Ft;47932;1195Ft;14;17;19;24;27;37
2015;29;2015.07.19;0;0Ft;28;573045Ft;1595;10060Ft;31348;1790Ft;15;17;30;35;36;45
2015;28;2015.07.12;0;0Ft;48;342975Ft;2267;7260Ft;41230;1400Ft;3;21;30;32;34;35
2015;27;2015.07.05;0;0Ft;23;676580Ft;1429;10890Ft;29668;1835Ft;1;22;29;31;33;42
2015;26;2015.06.28;0;0Ft;41;376910Ft;1883;8205Ft;33582;1610Ft;1;3;15;20;37;42
2015;25;2015.06.21;0;0Ft;30;506855Ft;1827;8325Ft;33288;1600Ft;2;4;14;35;41;45
2015;24;2015.06.14;0;0Ft;50;302940Ft;2512;6030Ft;38838;1365Ft;6;14;23;27;30;40
2015;23;2015.06.07;2;199421295Ft;82;211045Ft;3437;5035Ft;52860;1145Ft;2;7;13;24;32;38
2015;22;2015.05.31;0;0Ft;90;199960Ft;3760;4785Ft;52214;1205Ft;12;18;30;33;40;44
2015;21;2015.05.24;0;0Ft;34;527220Ft;2469;7260Ft;42482;1475Ft;13;31;34;36;38;44
2015;20;2015.05.17;0;0Ft;54;335840Ft;2752;6590Ft;45003;1410Ft;2;10;31;34;37;40
2015;19;2015.05.10;0;0Ft;78;221395Ft;3088;5590Ft;45779;1320Ft;14;16;26;31;32;41
2015;18;2015.05.03;1;566350685Ft;38;489120Ft;2353;7900Ft;42617;1525Ft;1;18;21;22;27;39
2015;17;2015.04.26;0;0Ft;46;399575Ft;2725;6745Ft;46109;1395Ft;1;3;10;13;15;38
2015;16;2015.04.19;0;0Ft;28;692815Ft;2017;9620Ft;37506;1810Ft;16;22;28;33;35;36
2015;15;2015.04.12;0;0Ft;39;478370Ft;2207;8455Ft;45334;1990Ft;1;13;19;30;31;32
2015;14;2015.04.05;0;0Ft;37;470675Ft;2119;8220Ft;40893;1490Ft;2;7;10;36;37;42
2015;13;2015.03.29;0;0Ft;29;558570Ft;2049;7905Ft;37634;1505Ft;3;14;31;36;44;45
2015;12;2015.03.22;0;0Ft;86;184090Ft;3367;4700Ft;47193;1175Ft;1;6;9;18;23;37
2015;11;2015.03.15;1;379449360Ft;41;460975Ft;2411;7840Ft;46518;1420Ft;7;31;38;39;42;45
2015;10;2015.03.08;0;0Ft;45;387015Ft;2840;6130Ft;50555;1205Ft;9;25;26;28;33;39
2015;9;2015.03.01;0;0Ft;28;571310Ft;2048;7810Ft;36696;1525Ft;1;7;33;36;41;42
2015;8;2015.02.22;0;0Ft;20;784510Ft;1478;10615Ft;31430;1745Ft;24;28;30;31;33;36
2015;7;2015.02.15;0;0Ft;24;679985Ft;1918;8510Ft;37640;1520Ft;6;24;29;30;32;40
2015;6;2015.02.08;2;67338725Ft;100;154780Ft;2960;5230Ft;39650;1365Ft;5;14;16;20;25;37
2015;5;2015.02.01;0;0Ft;25;578025Ft;1902;7600Ft;32602;1550Ft;12;14;25;28;30;36
2015;4;2015.01.25;1;288217540Ft;43;373425Ft;2479;6475Ft;41237;1365Ft;4;7;29;39;42;44
2015;3;2015.01.18;0;0Ft;29;566880Ft;1815;9060Ft;34190;1685Ft;7;15;20;31;36;38
2015;2;2015.01.11;0;0Ft;16;936235Ft;1471;10185Ft;28137;1865Ft;2;14;16;22;37;38
2015;1;2015.01.04;0;0Ft;85;168820Ft;1343;10685Ft;22165;2265Ft;37;38;39;40;41;45
2014;52;2014.12.28;1;61624125Ft;41;334005Ft;1990;6880Ft;32027;1495Ft;2;12;20;22;34;45
2014;51;2014.12.21;1;132818635Ft;28;534295Ft;1388;10780Ft;29775;1760Ft;14;27;28;35;40;41
2014;50;2014.12.14;0;0Ft;26;559805Ft;1899;7665Ft;33317;1530Ft;1;4;28;31;39;45
2014;49;2014.12.07;1;330960785Ft;39;395835Ft;2941;5250Ft;44793;1450Ft;1;3;7;14;18;42
2014;48;2014.11.30;0;0Ft;65;224820Ft;2747;5320Ft;42454;1205Ft;7;14;18;33;35;45
2014;47;2014.11.23;0;0Ft;51;286945Ft;2290;6390Ft;37469;1365Ft;6;17;25;28;40;42
2014;46;2014.11.16;0;0Ft;55;268860Ft;1935;7640Ft;29249;1770Ft;1;18;22;28;39;43
2014;45;2014.11.09;0;0Ft;15;938285Ft;1049;13415Ft;24419;2015Ft;26;35;36;41;42;43
2014;44;2014.11.02;1;58521355Ft;39;333455Ft;2112;6160Ft;34097;1335Ft;7;11;12;22;28;29
2014;43;2014.10.26;1;200230690Ft;44;325835Ft;2156;6650Ft;37907;1640Ft;4;8;16;17;29;41
2014;42;2014.10.19;0;0Ft;21;720160Ft;1507;10035Ft;33860;1565Ft;21;25;31;32;33;40
2014;41;2014.10.12;0;0Ft;33;455625Ft;1826;8235Ft;32969;1595Ft;10;14;22;33;34;40
2014;40;2014.10.05;1;436463425Ft;89;187480Ft;3604;4630Ft;49057;1190Ft;5;13;25;29;37;41
2014;39;2014.09.28;0;0Ft;100;163765Ft;3701;4425Ft;50142;1145Ft;5;7;12;16;25;30
2014;38;2014.09.21;0;0Ft;54;305115Ft;2223;7410Ft;38262;1505Ft;1;4;11;12;30;31
2014;37;2014.09.14;0;0Ft;103;164055Ft;3544;4770Ft;47810;1490Ft;10;13;24;29;32;40
2014;36;2014.09.07;0;0Ft;43;363485Ft;2029;7705Ft;34559;1900Ft;1;5;15;19;35;41
2014;35;2014.08.31;0;0Ft;71;210215Ft;2760;5410Ft;39985;1305Ft;3;12;27;36;40;42
2014;34;2014.08.24;2;185064465Ft;182;93700Ft;5255;3245Ft;62528;955Ft;7;13;21;26;31;43
2014;33;2014.08.17;0;0Ft;47;384775Ft;2579;7010Ft;45354;1395Ft;15;17;18;31;41;45
2014;32;2014.08.10;0;0Ft;24;714460Ft;1486;11540Ft;32978;1820Ft;23;28;29;30;40;41
2014;31;2014.08.03;0;0Ft;53;286785Ft;2096;7250Ft;36753;1445Ft;5;10;18;35;37;42
2014;30;2014.07.27;0;0Ft;32;461455Ft;1637;9020Ft;30382;1700Ft;1;4;8;26;27;36
2014;29;2014.07.20;1;73380780Ft;61;267325Ft;2787;5850Ft;44881;1270Ft;3;8;19;26;34;42
2014;28;2014.07.13;1;222766830Ft;81;221100Ft;3762;4760Ft;52491;1195Ft;2;10;17;26;31;35
2014;27;2014.07.06;0;0Ft;32;506965Ft;2212;7335Ft;32047;1770Ft;21;22;40;43;44;45
2014;26;2014.06.29;0;0Ft;46;334170Ft;2303;6675Ft;41071;1310Ft;5;6;12;17;30;35
2014;25;2014.06.22;1;303026960Ft;54;319255Ft;2573;6700Ft;45302;1330Ft;8;10;13;18;20;44
2014;24;2014.06.15;0;0Ft;48;379510Ft;2382;7650Ft;44975;1420Ft;1;2;17;26;33;39
2014;23;2014.06.08;0;0Ft;42;389280Ft;2728;5995Ft;42627;1340Ft;14;16;18;27;41;44
2014;22;2014.06.01;0;0Ft;27;575305Ft;1806;8600Ft;34187;1590Ft;3;16;30;41;42;43
2014;21;2014.05.25;1;687318890Ft;49;359615Ft;1942;9075Ft;41945;1470Ft;10;11;15;18;33;34
2014;20;2014.05.18;0;0Ft;34;551550Ft;1785;10505Ft;37434;2020Ft;4;29;39;40;41;45
2014;19;2014.05.11;0;0Ft;69;259890Ft;2949;6080Ft;45106;1390Ft;2;10;24;29;40;44
2014;18;2014.05.04;0;0Ft;34;480945Ft;1775;9210Ft;33841;1690Ft;17;18;20;22;35;41
2014;17;2014.04.27;0;0Ft;27;606030Ft;1918;8530Ft;37826;1515Ft;13;14;16;32;41;42
2014;16;2014.04.20;0;0Ft;37;455255Ft;1866;9025Ft;36301;1625Ft;6;14;15;18;19;37
2014;15;2014.04.13;0;0Ft;57;293125Ft;2912;5740Ft;44514;1315Ft;6;17;34;37;41;44
2014;14;2014.04.06;0;0Ft;27;607835Ft;1393;11780Ft;30190;1905Ft;12;29;30;37;38;45
2014;13;2014.03.30;0;0Ft;72;218780Ft;3631;4340Ft;53785;1025Ft;5;7;9;18;25;40
2014;12;2014.03.23;1;160404340Ft;93;185630Ft;3595;4800Ft;54058;1120Ft;11;18;24;27;34;41
2014;11;2014.03.16;0;0Ft;80;229775Ft;4115;4465Ft;63814;1010Ft;3;4;5;7;24;27
2014;10;2014.03.09;1;931749810Ft;162;146790Ft;5530;4300Ft;79825;1045Ft;3;5;16;19;21;24
2014;9;2014.03.02;0;0Ft;68;324285Ft;3477;6340Ft;61522;1255Ft;9;14;19;25;26;28
2014;8;2014.02.23;0;0Ft;74;290860Ft;3148;6835Ft;50978;1480Ft;1;5;16;27;31;35
2014;7;2014.02.16;0;0Ft;77;281290Ft;4581;4730Ft;72618;1045Ft;3;7;12;17;18;44
2014;6;2014.02.09;0;0Ft;90;218370Ft;4743;4145Ft;70325;980Ft;4;5;9;13;17;32
2014;5;2014.02.02;0;0Ft;64;272010Ft;2706;6435Ft;46053;1325Ft;3;5;18;39;42;43
2014;4;2014.01.26;0;0Ft;49;341965Ft;2400;6980Ft;42642;1375Ft;2;16;21;24;26;45
2014;3;2014.01.19;0;0Ft;43;393880Ft;2112;8020Ft;34712;1995Ft;2;14;22;28;34;38
2014;2;2014.01.12;0;0Ft;88;188725Ft;3048;5450Ft;46980;1235Ft;2;6;11;31;39;44
2014;1;2014.01.05;0;0Ft;51;310105Ft;2171;7285Ft;39024;1420Ft;24;32;34;38;41;45
2013;52;2013.12.29;0;0Ft;49;303320Ft;2277;6525Ft;39475;1320Ft;13;14;16;19;27;30
2013;51;2013.12.22;2;35474465Ft;48;328465Ft;2645;5960Ft;43951;1255Ft;2;9;27;34;39;45
2013;50;2013.12.15;1;217635265Ft;68;252625Ft;3420;5025Ft;49346;1220Ft;13;16;20;31;33;40
2013;49;2013.12.08;0;0Ft;42;383420Ft;2198;7325Ft;37603;1500Ft;13;20;27;30;34;36
2013;48;2013.12.01;0;0Ft;24;628385Ft;1775;8495Ft;33835;1560Ft;12;30;39;40;44;45
2013;47;2013.11.24;1;679464400Ft;62;282755Ft;3128;5605Ft;50773;1210Ft;1;3;7;24;26;32
2013;46;2013.11.17;0;0Ft;53;332895Ft;2648;6665Ft;46192;1335Ft;9;15;17;24;32;35
2013;45;2013.11.10;0;0Ft;53;327420Ft;2698;6430Ft;44733;1360Ft;8;10;12;28;31;39
2013;44;2013.11.03;0;0Ft;17;951345Ft;2494;6485Ft;41773;1355Ft;21;25;32;37;40;41
2013;43;2013.10.27;0;0Ft;47;340545Ft;2531;6325Ft;42824;1310Ft;12;19;26;28;31;38
2013;42;2013.10.20;0;0Ft;26;629975Ft;1816;9020Ft;38010;1510Ft;9;16;21;35;37;38
2013;41;2013.10.13;0;0Ft;67;250455Ft;2952;5685Ft;46414;1265Ft;2;17;19;23;29;38
2013;40;2013.10.06;0;0Ft;34;494275Ft;1963;8560Ft;34395;1710Ft;2;22;23;28;35;42
2013;39;2013.09.29;0;0Ft;24;680035Ft;1721;9485Ft;34447;1660Ft;8;25;30;38;39;40
2013;38;2013.09.22;3;134771290Ft;173;116500Ft;4883;4125Ft;62937;1120Ft;5;9;18;33;36;45
2013;37;2013.09.15;0;0Ft;54;354850Ft;2904;6600Ft;47109;1425Ft;7;14;17;20;38;43
2013;36;2013.09.08;0;0Ft;37;476590Ft;1781;9900Ft;35179;1755Ft;1;3;8;14;30;37
2013;35;2013.09.01;0;0Ft;19;889300Ft;1750;9655Ft;34811;1700Ft;18;22;24;35;38;39
2013;34;2013.08.25;0;0Ft;44;363655Ft;2473;6470Ft;43711;1280Ft;3;5;6;11;29;35
2013;33;2013.08.18;1;76734720Ft;47;362810Ft;3105;5490Ft;52914;1130Ft;7;13;17;18;35;37
2013;32;2013.08.11;1;74194460Ft;47;350800Ft;2209;7465Ft;36908;1565Ft;2;19;29;30;35;45
2013;31;2013.08.04;1;1267435670Ft;97;242090Ft;5192;4525Ft;75905;1085Ft;9;24;25;27;39;45
2013;30;2013.07.28;0;0Ft;45;478815Ft;2830;7615Ft;50524;1495Ft;6;7;20;22;28;39
2013;29;2013.07.21;0;0Ft;94;223520Ft;4739;4435Ft;68715;1070Ft;6;10;17;19;31;32
2013;28;2013.07.14;0;0Ft;55;363365Ft;2659;7515Ft;43710;1600Ft;2;17;36;38;42;44
2013;27;2013.07.07;0;0Ft;35;522620Ft;2252;8120Ft;41756;1535Ft;15;19;21;28;38;44
2013;26;2013.06.30;0;0Ft;48;363830Ft;2628;6645Ft;47899;1275Ft;3;26;31;32;41;43
2013;25;2013.06.23;0;0Ft;45;375470Ft;2028;8330Ft;38281;1545Ft;15;21;27;30;38;39
2013;24;2013.06.16;0;0Ft;69;253905Ft;2883;6075Ft;48923;1255Ft;4;8;17;19;41;42
2013;23;2013.06.09;0;0Ft;43;398625Ft;2935;5840Ft;47412;1265Ft;7;23;33;36;37;43
2013;22;2013.06.02;0;0Ft;74;221385Ft;4025;4070Ft;58601;980Ft;9;13;17;21;44;45
2013;21;2013.05.26;0;0Ft;30;532105Ft;1902;8395Ft;35967;1555Ft;2;11;12;35;37;42
2013;20;2013.05.19;0;0Ft;31;536685Ft;1785;9320Ft;32844;1775Ft;1;8;12;22;40;42
2013;19;2013.05.12;0;0Ft;49;321550Ft;2128;7405Ft;37113;1485Ft;10;15;17;21;37;42
2013;18;2013.05.05;0;0Ft;29;503440Ft;1806;8085Ft;33086;1545Ft;2;10;15;17;40;45
2013;17;2013.04.28;0;0Ft;67;216240Ft;2686;5395Ft;43276;1170Ft;3;11;21;22;24;29
2013;16;2013.04.21;0;0Ft;24;603700Ft;1184;12235Ft;25163;2015Ft;1;2;4;15;38;40
2013;15;2013.04.14;1;291560205Ft;23;722435Ft;2212;7510Ft;40588;1435Ft;15;23;25;37;38;41
2013;14;2013.04.07;0;0Ft;39;413755Ft;2722;5930Ft;48376;1165Ft;7;9;33;39;43;44
2013;13;2013.03.31;0;0Ft;45;357935Ft;2374;6785Ft;38033;1480Ft;3;15;16;20;31;36
2013;12;2013.03.24;0;0Ft;37;430590Ft;2165;7360Ft;40126;1390Ft;16;17;19;24;28;39
2013;11;2013.03.17;1;954563095Ft;72;277410Ft;3491;5720Ft;52729;1325Ft;5;11;23;36;40;45
2013;10;2013.03.10;0;0Ft;83;239645Ft;4114;4835Ft;58748;1185Ft;7;18;32;35;41;44
2013;9;2013.03.03;0;0Ft;54;346805Ft;3192;5865Ft;50156;1305Ft;12;18;23;26;43;45
2013;8;2013.02.24;0;0Ft;101;180750Ft;3667;4980Ft;52377;1220Ft;2;11;15;27;33;45
2013;7;2013.02.17;0;0Ft;70;281700Ft;2781;7090Ft;46487;1485Ft;2;17;23;36;39;42
2013;6;2013.02.10;0;0Ft;51;353280Ft;3179;5670Ft;52877;1195Ft;13;18;21;27;28;38
2013;5;2013.02.03;0;0Ft;31;526165Ft;1904;8565Ft;34627;1650Ft;22;27;30;37;39;43
2013;4;2013.01.27;0;0Ft;51;322855Ft;2559;6435Ft;40566;1420Ft;14;19;33;38;42;43
2013;3;2013.01.20;0;0Ft;45;358925Ft;2372;6810Ft;37426;1510Ft;1;11;23;34;36;37
2013;2;2013.01.13;0;0Ft;35;522040Ft;2199;8310Ft;39891;1605Ft;8;15;25;31;40;41
2013;1;2013.01.06;0;0Ft;22;684095Ft;1587;9485Ft;31685;1660Ft;2;5;6;15;41;43
2012;52;2012.12.30;0;0Ft;71;215375Ft;3107;4920Ft;43344;1235Ft;5;8;13;21;35;39
2012;51;2012.12.23;1;282230625Ft;31;542445Ft;2345;7170Ft;40071;1470Ft;4;8;29;33;37;40
2012;50;2012.12.16;0;0Ft;49;324550Ft;2358;6745Ft;41644;1335Ft;9;11;18;20;28;36
2012;49;2012.12.09;0;0Ft;53;292450Ft;2705;5730Ft;40889;1325Ft;3;10;15;26;39;44
2012;48;2012.12.02;0;0Ft;62;233860Ft;2635;5505Ft;41982;1210Ft;9;17;22;25;28;34
2012;47;2012.11.25;1;65449845Ft;76;191375Ft;2922;4980Ft;45129;1130Ft;3;6;16;23;32;42
2012;46;2012.11.18;1;342248630Ft;99;163630Ft;3479;4655Ft;50174;1130Ft;5;11;21;27;29;41
2012;45;2012.11.11;0;0Ft;104;151320Ft;4121;3820Ft;60512;910Ft;3;5;11;13;26;27
2012;44;2012.11.04;0;0Ft;49;300305Ft;2456;5990Ft;39672;1300Ft;3;7;15;22;24;29
2012;43;2012.10.28;0;0Ft;24;603810Ft;1619;8950Ft;32000;1585Ft;8;13;14;33;35;40
2012;42;2012.10.21;0;0Ft;59;252750Ft;2665;5595Ft;39762;1315Ft;11;16;23;25;34;36
2012;41;2012.10.14;1;143311070Ft;58;290230Ft;2771;6075Ft;41926;1405Ft;13;15;18;30;34;37
2012;40;2012.10.07;0;0Ft;58;258855Ft;2758;5445Ft;41297;1270Ft;6;12;20;25;33;35
2012;39;2012.09.30;1;843327210Ft;69;267335Ft;3103;5945Ft;48732;1325Ft;6;10;23;37;38;44
2012;38;2012.09.23;0;0Ft;29;629215Ft;1917;9520Ft;35478;1800Ft;2;16;33;35;36;41
2012;37;2012.09.16;0;0Ft;69;279585Ft;3050;6325Ft;50041;1350Ft;4;15;27;33;37;44
2012;36;2012.09.09;0;0Ft;37;482640Ft;2286;7810Ft;43034;1450Ft;2;4;6;25;32;36
2012;35;2012.09.02;0;0Ft;64;269730Ft;2534;6810Ft;43926;1375Ft;2;8;9;19;29;36
2012;34;2012.08.26;0;0Ft;51;324505Ft;2878;5750Ft;49947;1160Ft;6;7;10;18;25;45
2012;33;2012.08.19;0;0Ft;42;402120Ft;2009;8405Ft;38747;1525Ft;10;21;28;34;39;41
2012;32;2012.08.12;0;0Ft;53;333215Ft;2658;6645Ft;44129;1400Ft;4;6;11;15;20;35
2012;31;2012.08.05;0;0Ft;31;491550Ft;1767;8625Ft;34161;1560Ft;10;11;16;18;22;40
2012;30;2012.07.29;0;0Ft;51;293175Ft;2337;6400Ft;39045;1340Ft;6;8;10;13;20;29
2012;29;2012.07.22;0;0Ft;40;375300Ft;2530;5935Ft;43333;1215Ft;9;12;13;14;23;39
2012;28;2012.07.15;1;660621395Ft;44;441160Ft;2892;6710Ft;48964;1390Ft;18;29;31;33;38;41
2012;27;2012.07.08;0;0Ft;46;390745Ft;2389;7525Ft;42344;1485Ft;5;9;22;36;37;45
2012;26;2012.07.01;0;0Ft;57;313370Ft;2855;6255Ft;44944;1390Ft;3;10;28;31;36;40
2012;25;2012.06.24;0;0Ft;69;260055Ft;2639;6800Ft;45505;1380Ft;8;9;27;29;40;44
2012;24;2012.06.17;0;0Ft;65;296935Ft;2658;7260Ft;44645;1515Ft;3;18;20;29;35;43
2012;23;2012.06.10;0;0Ft;38;500265Ft;2191;8675Ft;43011;1545Ft;1;11;27;28;30;37
2012;22;2012.06.03;0;0Ft;21;849870Ft;1435;12435Ft;35638;1755Ft;13;14;34;37;38;40
2012;21;2012.05.27;0;0Ft;28;623400Ft;1309;13335Ft;31034;1970Ft;5;31;32;34;36;38
2012;20;2012.05.20;1;1491506710Ft;43;619950Ft;2226;11975Ft;45268;2060Ft;1;20;29;34;36;43
2012;19;2012.05.13;0;0Ft;62;418785Ft;3650;7115Ft;66641;1365Ft;1;11;12;18;27;40
2012;18;2012.05.06;0;0Ft;55;430360Ft;3135;7550Ft;56740;1460Ft;12;27;29;37;41;42
2012;17;2012.04.29;0;0Ft;43;549005Ft;2638;8950Ft;50284;1645Ft;1;2;19;24;43;44
2012;16;2012.04.22;0;0Ft;48;481195Ft;2895;7980Ft;53186;1520Ft;1;9;18;34;36;41
2012;15;2012.04.15;0;0Ft;97;241755Ft;4341;5400Ft;65497;1255Ft;1;5;7;9;20;41
2012;14;2012.04.08;0;0Ft;68;316190Ft;3817;5635Ft;61459;1225Ft;1;7;21;24;27;38
2012;13;2012.04.01;0;0Ft;40;461430Ft;2188;8435Ft;40557;1595Ft;18;32;36;40;42;43
2012;12;2012.03.25;0;0Ft;34;501765Ft;2048;8330Ft;37981;1570Ft;2;24;25;28;39;40
2012;11;2012.03.18;0;0Ft;42;397305Ft;2927;5700Ft;50162;1165Ft;7;9;27;28;34;41
2012;10;2012.03.11;0;0Ft;45;402210Ft;2870;6305Ft;45582;1390Ft;2;23;32;40;41;44
2012;9;2012.03.04;0;0Ft;57;286435Ft;3007;5430Ft;45540;1255Ft;6;12;20;33;44;45
2012;8;2012.02.26;0;0Ft;103;154870Ft;4501;3545Ft;56297;990Ft;1;3;7;13;23;42
2012;7;2012.02.19;0;0Ft;32;492860Ft;1450;10875Ft;29029;1900Ft;1;12;14;15;31;35
2012;6;2012.02.12;0;0Ft;65;242835Ft;3404;4635Ft;50079;1105Ft;5;7;16;19;23;39
2012;5;2012.02.05;0;0Ft;35;420795Ft;1947;7565Ft;34910;1475Ft;2;6;13;15;39;44
2012;4;2012.01.29;0;0Ft;111;131820Ft;3539;4135Ft;46268;1105Ft;4;8;13;21;32;35
2012;3;2012.01.22;1;442500105Ft;48;340385Ft;2005;8150Ft;37859;1510Ft;2;3;10;29;38;41
2012;2;2012.01.15;0;0Ft;74;230360Ft;3181;5360Ft;47693;1250Ft;6;18;22;24;32;44
2012;1;2012.01.08;0;0Ft;23;688245Ft;1273;12435Ft;27609;2005Ft;8;14;36;37;44;45
2011;52;2012.01.01;0;0Ft;47;392850Ft;2439;7570Ft;40562;1595Ft;10;15;19;22;35;37
2011;51;2011.12.25;0;0Ft;55;279805Ft;2797;5500Ft;42717;1260Ft;3;11;15;19;29;42
2011;50;2011.12.18;0;0Ft;35;436145Ft;1989;7675Ft;36918;1445Ft;17;22;27;33;35;40
2011;49;2011.12.11;2;224457455Ft;88;218530Ft;3298;5830Ft;49288;1365Ft;3;15;20;24;38;44
2011;48;2011.12.04;0;0Ft;61;295265Ft;3335;5400Ft;59582;1060Ft;7;17;19;21;24;25
2011;47;2011.11.27;0;0Ft;26;619875Ft;2112;7630Ft;38140;1480Ft;17;30;32;35;39;45
2011;46;2011.11.20;0;0Ft;64;250805Ft;3053;5260Ft;44368;1265Ft;13;16;18;27;36;45
2011;45;2011.11.13;0;0Ft;35;456150Ft;2180;7325Ft;37034;1510Ft;4;11;15;38;41;43
2011;44;2011.11.06;0;0Ft;59;243785Ft;2435;5905Ft;38501;1310Ft;4;16;19;36;42;45
2011;43;2011.10.30;1;282079175Ft;78;201145Ft;2867;5470Ft;41604;1320Ft;11;14;26;31;35;45
2011;42;2011.10.23;0;0Ft;51;299330Ft;2536;6020Ft;39846;1340Ft;2;7;17;35;38;42
2011;41;2011.10.16;0;0Ft;72;230785Ft;3141;5290Ft;49358;1180Ft;6;18;20;24;27;37
2011;40;2011.10.09;0;0Ft;50;302250Ft;2413;6265Ft;39502;1340Ft;5;18;21;26;28;40
2011;39;2011.10.02;1;875500050Ft;92;201895Ft;3993;4650Ft;60359;1075Ft;3;13;14;21;32;37
2011;38;2011.09.25;0;0Ft;41;438790Ft;2073;8680Ft;40097;1570Ft;2;12;14;33;34;42
2011;37;2011.09.18;0;0Ft;37;477935Ft;2044;8650Ft;38834;1595Ft;5;14;20;27;41;43
2011;36;2011.09.11;0;0Ft;36;498210Ft;1865;9615Ft;36237;1730Ft;6;14;15;30;31;40
2011;35;2011.09.04;0;0Ft;44;381960Ft;1833;9170Ft;33803;1740Ft;1;8;14;16;18;21
2011;34;2011.08.28;0;0Ft;83;195470Ft;3174;5110Ft;46600;1220Ft;5;12;23;30;33;44
2011;33;2011.08.21;0;0Ft;46;316310Ft;2095;6945Ft;35747;1425Ft;3;6;8;30;40;42
2011;32;2011.08.14;0;0Ft;76;221660Ft;4048;4160Ft;56204;1050Ft;1;9;18;21;27;33
2011;31;2011.08.07;0;0Ft;45;333460Ft;2238;6705Ft;40019;1310Ft;2;6;9;22;23;40
2011;30;2011.07.31;0;0Ft;43;341670Ft;2327;6315Ft;39215;1310Ft;5;7;20;24;27;36
2011;29;2011.07.24;0;0Ft;49;295360Ft;2084;6945Ft;34200;1480Ft;10;15;16;20;33;38
2011;28;2011.07.17;0;0Ft;62;222175Ft;2316;5950Ft;35289;1365Ft;2;11;13;22;35;44
2011;27;2011.07.10;1;124999785Ft;44;321025Ft;2169;6510Ft;38610;1280Ft;2;3;10;27;38;42
2011;26;2011.07.03;0;0Ft;20;682635Ft;1549;8815Ft;32203;1485Ft;11;21;22;24;25;29
2011;25;2011.06.26;1;342559030Ft;130;118770Ft;3754;4115Ft;47744;1130Ft;9;13;25;28;40;44
2011;24;2011.06.19;0;0Ft;66;232875Ft;3000;5125Ft;44848;1200Ft;6;11;27;28;32;38
2011;23;2011.06.12;0;0Ft;89;185615Ft;3905;4230Ft;54539;1060Ft;3;9;13;28;31;36
2011;22;2011.06.05;0;0Ft;87;169625Ft;3317;4450Ft;46247;1115Ft;3;6;18;24;39;44
2011;21;2011.05.29;0;0Ft;90;155970Ft;3085;4550Ft;43481;1130Ft;3;5;10;24;25;31
2011;20;2011.05.22;1;208377355Ft;37;408635Ft;2207;6850Ft;37322;1420Ft;6;16;22;25;31;40
2011;19;2011.05.15;0;0Ft;58;288795Ft;2942;5695Ft;47208;1240Ft;1;2;7;10;18;31
2011;18;2011.05.08;0;0Ft;51;283065Ft;2372;6085Ft;36528;1385Ft;2;10;26;38;44;45
2011;17;2011.05.01;1;267982340Ft;53;274510Ft;2472;5885Ft;38317;1330Ft;13;27;30;35;40;45
2011;16;2011.04.24;0;0Ft;40;378260Ft;2288;6615Ft;40246;1315Ft;3;10;31;39;40;44
2011;15;2011.04.17;0;0Ft;72;205710Ft;2903;5100Ft;43649;1190Ft;9;14;23;25;27;43
2011;14;2011.04.10;0;0Ft;27;557815Ft;1575;9565Ft;30759;1715Ft;15;27;37;39;40;45
2011;13;2011.04.03;1;62954190Ft;91;153735Ft;3259;4295Ft;43632;1120Ft;10;12;24;29;33;45
2011;12;2011.03.27;2;100044025Ft;140;104845Ft;4469;3285Ft;54649;940Ft;7;10;17;21;29;33
2011;11;2011.03.20;0;0Ft;64;226825Ft;2792;5200Ft;42028;1210Ft;11;14;27;29;33;39
2011;10;2011.03.13;0;0Ft;38;401810Ft;2411;6335Ft;42310;1265Ft;11;18;23;24;35;37
2011;9;2011.03.06;1;505974240Ft;76;251095Ft;3091;6175Ft;48676;1370Ft;2;9;12;22;28;36
2011;8;2011.02.27;0;0Ft;101;174305Ft;3890;4525Ft;54174;1135Ft;13;21;23;26;34;43
2011;7;2011.02.20;0;0Ft;50;321675Ft;2479;6490Ft;40242;1400Ft;5;8;10;30;32;34
2011;6;2011.02.13;0;0Ft;104;161435Ft;4099;4095Ft;55470;1060Ft;3;7;11;32;35;44
2011;5;2011.02.06;0;0Ft;39;373770Ft;2172;6710Ft;38690;1320Ft;13;19;32;37;38;44
2011;4;2011.01.30;0;0Ft;18;784045Ft;1541;9160Ft;30516;1620Ft;11;16;20;21;36;37
2011;3;2011.01.23;0;0Ft;18;788195Ft;1251;11340Ft;24010;2070Ft;8;15;20;37;38;40
2011;2;2011.01.16;1;561613050Ft;92;188105Ft;3527;4905Ft;49759;1215Ft;3;15;21;33;39;42
2011;1;2011.01.09;0;0Ft;19;873340Ft;1487;11160Ft;29346;1980Ft;1;15;18;22;40;43
2010;52;2011.01.02;0;0Ft;44;417505Ft;2414;7610Ft;46149;1395Ft;13;20;26;27;38;45
2010;51;2010.12.26;0;0Ft;23;555720Ft;1405;9095Ft;27405;1630Ft;7;15;32;36;39;40
2010;50;2010.12.19;0;0Ft;26;505690Ft;1962;6700Ft;36633;1255Ft;2;3;21;26;37;40
2010;49;2010.12.12;0;0Ft;49;272120Ft;2426;5495Ft;38882;1200Ft;16;19;22;24;32;41
2010;48;2010.12.05;0;0Ft;64;203980Ft;2770;4715Ft;45596;1000Ft;3;5;6;24;27;30
2010;47;2010.11.28;0;0Ft;34;366000Ft;1909;6520Ft;33104;1315Ft;3;10;15;20;28;41
2010;46;2010.11.21;1;499043275Ft;69;218495Ft;3000;5025Ft;46668;1130Ft;11;21;32;38;42;45
2010;45;2010.11.14;0;0Ft;29;548385Ft;2198;7235Ft;37434;1485Ft;6;26;40;41;42;44
2010;44;2010.11.07;0;0Ft;105;136655Ft;3578;4010Ft;52931;950Ft;7;9;22;25;27;45
2010;43;2010.10.31;0;0Ft;68;204560Ft;2714;5125Ft;42056;1160Ft;4;10;15;19;34;44
2010;42;2010.10.24;0;0Ft;38;326545Ft;1941;6395Ft;34801;1250Ft;5;6;8;13;20;35
2010;41;2010.10.17;0;0Ft;16;824210Ft;1322;9975Ft;26729;1725Ft;12;22;36;37;39;43
2010;40;2010.10.10;0;0Ft;22;618705Ft;1788;7615Ft;36026;1320Ft;13;15;17;18;39;44
2010;39;2010.10.03;0;0Ft;27;461215Ft;1326;9390Ft;26020;1675Ft;10;15;29;32;39;40
2010;38;2010.09.26;1;115205185Ft;48;266180Ft;2502;5105Ft;41926;1065Ft;7;9;16;17;29;45
2010;37;2010.09.19;0;0Ft;39;328830Ft;2830;4530Ft;47485;945Ft;3;6;7;16;32;33
2010;36;2010.09.12;1;584740810Ft;106;147255Ft;3580;4360Ft;48424;1130Ft;2;8;10;25;28;40
2010;35;2010.09.05;0;0Ft;155;98745Ft;5209;2940Ft;65113;825Ft;9;12;17;27;33;39
2010;34;2010.08.29;0;0Ft;22;673170Ft;1841;8045Ft;36709;1410Ft;1;11;16;17;30;42
2010;33;2010.08.22;0;0Ft;93;151395Ft;3065;4595Ft;45017;1095Ft;6;11;26;30;31;42
2010;32;2010.08.15;0;0Ft;31;491855Ft;1692;9010Ft;33299;1605Ft;11;20;36;38;39;41
2010;31;2010.08.08;0;0Ft;26;537305Ft;1745;8005Ft;33587;1455Ft;1;4;20;26;34;38
2010;30;2010.08.01;0;0Ft;77;176720Ft;3003;4530Ft;42486;1120Ft;4;12;22;24;34;45
2010;29;2010.07.25;0;0Ft;56;242775Ft;2551;5330Ft;38371;1240Ft;6;15;16;26;31;34
2010;28;2010.07.18;0;0Ft;38;361005Ft;2425;5655Ft;40087;1200Ft;7;12;15;16;21;29
2010;27;2010.07.11;1;700438315Ft;38;467845Ft;2523;7045Ft;47257;1315Ft;13;21;26;29;34;36
2010;26;2010.07.04;0;0Ft;89;187160Ft;4612;3610Ft;62600;930Ft;9;17;21;26;28;41
2010;25;2010.06.27;0;0Ft;32;513670Ft;2105;7810Ft;40015;1440Ft;2;11;18;36;40;41
2010;24;2010.06.20;0;0Ft;32;492960Ft;2461;6410Ft;45662;1210Ft;6;7;11;14;38;43
2010;23;2010.06.13;0;0Ft;54;300800Ft;3502;4640Ft;53501;1065Ft;13;18;23;27;34;35
2010;22;2010.06.06;0;0Ft;30;503725Ft;2172;6955Ft;45320;1165Ft;7;23;24;25;37;44
2010;21;2010.05.30;0;0Ft;27;530020Ft;1732;8260Ft;36815;1360Ft;19;26;27;39;41;42
2010;20;2010.05.23;0;0Ft;29;494955Ft;1545;9290Ft;33047;1520Ft;13;14;18;20;40;44
2010;19;2010.05.16;0;0Ft;36;401105Ft;2209;6535Ft;39450;1280Ft;5;6;22;26;30;45
2010;18;2010.05.09;0;0Ft;72;202030Ft;3515;4140Ft;53569;950Ft;2;7;10;13;23;43
2010;17;2010.05.02;1;182852835Ft;58;221005Ft;2232;5745Ft;37390;1200Ft;2;6;8;14;23;24
2010;16;2010.04.25;0;0Ft;29;479595Ft;1483;9380Ft;31130;1565Ft;8;11;18;29;36;37
2010;15;2010.04.18;0;0Ft;54;257545Ft;3450;4030Ft;46901;1040Ft;11;12;18;27;31;43
2010;14;2010.04.11;1;132882945Ft;33;465775Ft;2107;7295Ft;39533;1360Ft;11;12;20;31;42;43
2010;13;2010.04.04;0;0Ft;32;442470Ft;1959;7230Ft;34521;1435Ft;13;15;24;30;35;43
2010;12;2010.03.28;1;203307105Ft;25;575295Ft;1897;7580Ft;36802;1370Ft;3;6;10;15;42;43
2010;11;2010.03.21;0;0Ft;69;210070Ft;2502;5795Ft;40326;1260Ft;4;18;24;29;35;45
2010;10;2010.03.14;0;0Ft;47;346850Ft;2446;6665Ft;44440;1285Ft;12;13;28;38;42;45
2010;9;2010.03.07;1;525640090Ft;34;496100Ft;2053;8215Ft;36532;1615Ft;1;16;26;29;30;43
2010;8;2010.02.28;0;0Ft;57;280340Ft;3007;5315Ft;54916;1020Ft;4;5;7;12;32;33
2010;7;2010.02.21;0;0Ft;53;329930Ft;2921;5985Ft;46897;1305Ft;4;8;12;22;39;45
2010;6;2010.02.14;0;0Ft;62;253140Ft;2869;5470Ft;44246;1240Ft;12;15;24;32;42;45
2010;5;2010.02.07;0;0Ft;52;257795Ft;2231;6010Ft;41165;1140Ft;16;23;26;30;33;43
2010;4;2010.01.31;0;0Ft;37;334460Ft;2015;6140Ft;36779;1180Ft;1;6;7;14;23;24
2010;3;2010.01.24;0;0Ft;37;336235Ft;2291;5430Ft;38342;1135Ft;2;11;30;34;37;39
2010;2;2010.01.17;0;0Ft;49;256325Ft;2318;5420Ft;39571;1110Ft;1;7;12;13;22;29
2010;1;2010.01.10;1;178758515Ft;104;138185Ft;3935;3650Ft;53954;930Ft;4;14;17;28;33;41
2009;53;2010.01.03;0;0Ft;88;154435Ft;3209;4235Ft;46249;1030Ft;9;14;16;26;34;38
2009;52;2009.12.27;0;0Ft;50;235255Ft;2298;5120Ft;38741;1065Ft;7;16;21;29;30;42
2009;51;2009.12.20;1;57151810Ft;76;167110Ft;2580;4925Ft;41854;1060Ft;1;4;10;13;15;19
2009;50;2009.12.13;1;122068665Ft;50;275330Ft;2863;4810Ft;49054;980Ft;7;13;34;40;43;45
2009;49;2009.12.06;0;0Ft;77;173505Ft;3442;3880Ft;55650;840Ft;3;11;12;32;33;44
2009;48;2009.11.29;1;380026165Ft;68;213740Ft;4180;3475Ft;61015;835Ft;5;7;21;23;28;32
2009;47;2009.11.22;0;0Ft;34;429245Ft;1905;7660Ft;37932;1345Ft;6;16;22;23;24;43
2009;46;2009.11.15;0;0Ft;35;453420Ft;2425;6545Ft;49572;1120Ft;8;9;17;22;23;42
2009;45;2009.11.08;0;0Ft;39;349135Ft;2072;6570Ft;38453;1240Ft;1;5;19;32;37;38
2009;44;2009.11.01;0;0Ft;45;289325Ft;2483;5245Ft;44133;1035Ft;8;9;10;19;35;45
2009;43;2009.10.25;0;0Ft;61;210095Ft;2991;4285Ft;43517;1030Ft;14;18;20;23;33;42
2009;42;2009.10.18;1;345753685Ft;70;231335Ft;3361;4820Ft;53821;1055Ft;4;8;10;12;28;38
2009;41;2009.10.11;0;0Ft;45;335360Ft;2991;5045Ft;59030;895Ft;12;13;21;26;32;33
2009;40;2009.10.04;0;0Ft;39;376870Ft;2417;6080Ft;40260;1280Ft;1;6;12;28;32;36
2009;39;2009.09.27;0;0Ft;80;178675Ft;3459;4130Ft;50101;1000Ft;13;24;32;33;36;42
2009;38;2009.09.20;0;0Ft;35;396885Ft;2008;6920Ft;33867;1435Ft;6;15;29;35;38;43
2009;37;2009.09.13;2;96006680Ft;163;90650Ft;5087;2905Ft;65913;785Ft;2;10;18;23;27;33
2009;36;2009.09.06;0;0Ft;77;184905Ft;3000;4745Ft;46375;1075Ft;7;9;20;22;38;42
2009;35;2009.08.30;0;0Ft;36;379345Ft;2096;6515Ft;40564;1180Ft;3;19;20;28;35;37
2009;34;2009.08.23;1;259685215Ft;26;535410Ft;1535;9070Ft;30820;1580Ft;1;2;14;15;27;38
2009;33;2009.08.16;0;0Ft;141;114960Ft;5314;3050Ft;70272;805Ft;5;9;12;20;31;33
2009;32;2009.08.09;0;0Ft;82;173610Ft;3627;3925Ft;55420;900Ft;3;6;8;17;24;30
2009;31;2009.08.02;0;0Ft;74;180295Ft;3096;4310Ft;45563;1025Ft;10;19;30;39;43;45
2009;30;2009.07.26;1;246176915Ft;42;320845Ft;2292;5880Ft;36257;1300Ft;8;14;16;26;34;36
2009;29;2009.07.19;0;0Ft;39;356150Ft;2444;5685Ft;44353;1095Ft;2;10;17;27;28;44
2009;28;2009.07.12;0;0Ft;28;503820Ft;2251;6265Ft;41298;1195Ft;15;18;20;23;34;42
2009;27;2009.07.05;0;0Ft;27;490140Ft;2176;6080Ft;40401;1145Ft;13;25;27;35;36;43
2009;26;2009.06.28;2;60766885Ft;44;307850Ft;2453;5520Ft;43786;1085Ft;9;15;23;28;33;40
2009;25;2009.06.21;0;0Ft;40;336550Ft;2050;6565Ft;40456;1165Ft;2;20;26;33;44;45
2009;24;2009.06.14;1;403597120Ft;52;322300Ft;2216;7565Ft;39941;1470Ft;1;16;22;23;43;45
2009;23;2009.06.07;0;0Ft;54;271125Ft;2003;7310Ft;38875;1320Ft;7;14;22;39;40;42
2009;22;2009.05.31;0;0Ft;46;308730Ft;1982;7165Ft;36128;1375Ft;8;16;22;28;34;40
2009;21;2009.05.24;0;0Ft;32;443635Ft;2484;5715Ft;43066;1155Ft;18;23;26;33;35;36
2009;20;2009.05.17;0;0Ft;37;391810Ft;1913;7580Ft;39484;1285Ft;1;2;16;20;27;33
2009;19;2009.05.10;0;0Ft;59;260905Ft;2738;5620Ft;43993;1225Ft;6;15;20;24;38;40
2009;18;2009.05.03;1;265397360Ft;78;182280Ft;3037;4680Ft;47121;1055Ft;9;14;23;32;40;43
2009;17;2009.04.26;0;0Ft;93;157025Ft;2873;5085Ft;37376;1370Ft;1;7;14;43;44;45
2009;16;2009.04.19;0;0Ft;82;174910Ft;4003;3585Ft;58866;855Ft;6;9;11;14;18;30
2009;15;2009.04.12;0;0Ft;41;385680Ft;2950;5360Ft;53047;1045Ft;12;13;19;30;34;45
2009;14;2009.04.05;1;130756610Ft;32;455830Ft;1730;8430Ft;39876;1280Ft;16;17;19;20;34;35
2009;13;2009.03.29;0;0Ft;35;413445Ft;2464;5875Ft;43982;1150Ft;4;23;26;35;39;40
2009;12;2009.03.22;1;66255020Ft;25;588935Ft;2369;6215Ft;41126;1255Ft;11;32;40;41;42;45
2009;11;2009.03.15;1;147774125Ft;75;236690Ft;3371;5265Ft;56660;1095Ft;1;5;11;25;40;41
2009;10;2009.03.08;0;0Ft;25;603485Ft;1892;7975Ft;44879;1175Ft;3;27;33;34;35;39
2009;9;2009.03.01;1;469483390Ft;72;237075Ft;3146;5425Ft;54212;1100Ft;7;12;20;32;38;43
2009;8;2009.02.22;0;0Ft;80;214855Ft;3808;4515Ft;56056;1075Ft;5;21;29;33;39;43
2009;7;2009.02.15;0;0Ft;93;218105Ft;4501;4505Ft;69523;1020Ft;1;5;17;21;26;34
2009;6;2009.02.08;0;0Ft;26;647775Ft;2186;7705Ft;43053;1370Ft;10;16;18;28;29;36
2009;5;2009.02.01;0;0Ft;52;314640Ft;2484;6585Ft;46581;1230Ft;1;8;23;24;33;36
2009;4;2009.01.25;0;0Ft;58;285945Ft;3166;5240Ft;50862;1140Ft;2;11;21;35;41;43
2009;3;2009.01.18;2;423801945Ft;210;105340Ft;7856;2815Ft;97201;795Ft;7;9;13;21;28;36
2009;2;2009.01.11;0;0Ft;68;328930Ft;3566;6270Ft;62829;1245Ft;10;11;22;35;40;44
2009;1;2009.01.04;0;0Ft;42;438330Ft;2689;6845Ft;53388;1205Ft;10;16;17;26;28;43
2008;52;2008.12.28;0;0Ft;49;361535Ft;2236;7925Ft;45458;1365Ft;2;29;31;33;40;43
2008;51;2008.12.21;0;0Ft;117;172020Ft;5044;3990Ft;70272;1000Ft;4;6;15;19;32;37
2008;50;2008.12.14;0;0Ft;103;192415Ft;4906;4040Ft;76208;910Ft;7;18;19;31;35;39
2008;49;2008.12.07;0;0Ft;54;345550Ft;3041;6135Ft;56949;1145Ft;7;10;15;16;24;44
2008;48;2008.11.30;0;0Ft;78;203050Ft;3908;4055Ft;58351;950Ft;9;10;22;26;31;34
2008;47;2008.11.23;0;0Ft;70;229665Ft;3928;4095Ft;67247;835Ft;3;4;7;9;32;43
2008;46;2008.11.16;0;0Ft;52;331225Ft;2688;6410Ft;52492;1150Ft;2;19;20;26;30;31
2008;45;2008.11.09;1;144731470Ft;55;303985Ft;2880;5805Ft;53171;1100Ft;5;6;8;12;33;35
2008;44;2008.11.02;0;0Ft;73;211550Ft;3432;4500Ft;58008;930Ft;6;9;20;21;27;39
2008;43;2008.10.26;1;324984730Ft;80;216255Ft;3846;4500Ft;56293;1075Ft;6;11;20;26;35;40
2008;42;2008.10.19;0;0Ft;113;161390Ft;3901;4675Ft;61333;1040Ft;4;10;25;35;39;45
2008;41;2008.10.12;0;0Ft;65;286980Ft;3192;5845Ft;59987;1090Ft;10;11;18;21;22;37
2008;40;2008.10.05;0;0Ft;63;286160Ft;3429;5260Ft;60350;1045Ft;6;8;11;21;30;37
2008;39;2008.09.28;4;19025570Ft;210;80530Ft;5241;3225Ft;70197;845Ft;7;9;19;29;39;45
2008;38;2008.09.21;1;2958307350Ft;93;410785Ft;6501;5875Ft;117491;1140Ft;11;18;26;42;43;45
2008;37;2008.09.14;0;0Ft;82;424525Ft;5354;6500Ft;94733;1285Ft;20;22;27;32;36;44
2008;36;2008.09.07;0;0Ft;64;487440Ft;3873;8055Ft;78248;1395Ft;1;4;13;14;34;36
2008;35;2008.08.31;0;0Ft;62;499580Ft;4503;6880Ft;86047;1260Ft;6;21;22;24;28;35
2008;34;2008.08.24;0;0Ft;94;292350Ft;5511;4985Ft;95811;1005Ft;11;20;21;26;33;40
2008;33;2008.08.17;0;0Ft;126;253270Ft;8071;3955Ft;122630;910Ft;8;10;18;19;23;34
2008;32;2008.08.10;0;0Ft;105;282615Ft;4709;6300Ft;84171;1235Ft;2;14;22;23;33;43
2008;31;2008.08.03;0;0Ft;145;184965Ft;6485;4135Ft;96859;970Ft;18;21;23;28;32;42
2008;30;2008.07.27;0;0Ft;87;307780Ft;3845;6965Ft;65196;1440Ft;8;15;22;34;42;43
2008;29;2008.07.20;0;0Ft;69;382190Ft;5078;5195Ft;90205;1025Ft;4;17;22;29;30;32
2008;28;2008.07.13;0;0Ft;68;387980Ft;4419;5970Ft;81084;1140Ft;16;18;19;26;33;36
2008;27;2008.07.06;0;0Ft;67;367590Ft;4793;5140Ft;86614;995Ft;1;11;17;23;24;26
2008;26;2008.06.29;0;0Ft;126;183405Ft;6625;3490Ft;102314;790Ft;9;10;11;19;24;29
2008;25;2008.06.22;0;0Ft;105;223240Ft;4482;5230Ft;75099;1090Ft;4;6;15;16;21;30
2008;24;2008.06.15;0;0Ft;70;355805Ft;4022;6195Ft;69901;1245Ft;7;12;15;22;34;45
2008;23;2008.06.08;0;0Ft;55;418380Ft;3188;7220Ft;64834;1240Ft;5;6;14;18;36;39
2008;22;2008.06.01;0;0Ft;161;124260Ft;5201;3845Ft;73339;955Ft;13;22;27;32;41;43
2008;21;2008.05.25;0;0Ft;37;516905Ft;2626;7285Ft;46858;1430Ft;4;15;30;36;39;45
2008;20;2008.05.18;0;0Ft;62;288435Ft;3023;5915Ft;54625;1145Ft;3;11;12;35;42;45
2008;19;2008.05.11;0;0Ft;71;246715Ft;4003;4375Ft;62829;975Ft;17;30;31;33;44;45
2008;18;2008.05.04;0;0Ft;46;338935Ft;2272;6860Ft;43740;1250Ft;7;17;30;35;36;43
2008;17;2008.04.27;0;0Ft;35;449340Ft;2365;6650Ft;44044;1250Ft;6;22;24;28;30;45
2008;16;2008.04.20;0;0Ft;102;153855Ft;4236;3705Ft;57858;950Ft;4;6;14;17;27;38
2008;15;2008.04.13;0;0Ft;35;459380Ft;2324;6920Ft;48441;1160Ft;16;19;23;26;27;43
2008;14;2008.04.06;0;0Ft;39;394500Ft;2558;6015Ft;49102;1095Ft;4;18;19;25;26;29
2008;13;2008.03.30;0;0Ft;39;351505Ft;2500;5485Ft;43721;1095Ft;3;12;13;20;29;40
2008;12;2008.03.23;0;0Ft;57;247560Ft;2304;6125Ft;41009;1205Ft;8;10;16;23;29;44
2008;11;2008.03.16;0;0Ft;81;160685Ft;3742;3480Ft;53558;850Ft;3;6;16;17;31;45
2008;10;2008.03.09;0;0Ft;56;247550Ft;2809;4935Ft;45540;1065Ft;10;23;26;32;33;36
2008;9;2008.03.02;1;481862695Ft;63;263115Ft;3353;4945Ft;57008;1020Ft;9;17;22;29;33;36
2008;8;2008.02.24;0;0Ft;29;509965Ft;1973;7495Ft;37867;1365Ft;6;8;28;37;38;40
2008;7;2008.02.17;0;0Ft;59;245050Ft;3188;4535Ft;46495;1090Ft;10;21;24;34;42;43
2008;6;2008.02.10;0;0Ft;147;104890Ft;4915;3135Ft;63298;855Ft;13;24;26;33;38;42
2008;5;2008.02.03;0;0Ft;35;396340Ft;2136;6495Ft;38077;1275Ft;6;22;27;29;37;43
2008;4;2008.01.27;0;0Ft;38;364355Ft;2147;6450Ft;39744;1220Ft;8;11;32;36;40;41
2008;3;2008.01.20;0;0Ft;49;315400Ft;2294;6735Ft;40285;1345Ft;14;19;22;30;38;42
2008;2;2008.01.13;1;514773735Ft;129;142880Ft;4177;4415Ft;59687;1080Ft;5;8;21;24;34;43
2008;1;2008.01.06;0;0Ft;37;425215Ft;1946;8085Ft;34885;1580Ft;8;29;36;38;40;44
2007;52;2007.12.30;0;0Ft;59;273115Ft;2604;6190Ft;50853;1110Ft;13;25;32;43;44;45
2007;51;2007.12.23;0;0Ft;64;260260Ft;3186;5230Ft;53344;1095Ft;3;7;8;14;30;35
2007;50;2007.12.16;0;0Ft;72;220230Ft;3073;5160Ft;50371;1105Ft;18;20;21;23;37;41
2007;49;2007.12.09;0;0Ft;61;274955Ft;3494;4800Ft;60075;980Ft;10;13;20;26;27;33
2007;48;2007.12.02;0;0Ft;34;436210Ft;2326;6380Ft;42604;1220Ft;4;5;11;14;35;45
2007;47;2007.11.25;1;882002799Ft;62;286812Ft;3320;5356Ft;55681;1118Ft;10;17;22;26;28;30
2007;46;2007.11.18;0;0Ft;91;194999Ft;3706;4788Ft;58973;1053Ft;2;5;14;17;24;28
2007;45;2007.11.11;0;0Ft;55;343373Ft;3057;6178Ft;52421;1261Ft;10;13;15;29;30;39
2007;44;2007.11.04;0;0Ft;44;333487Ft;2411;6086Ft;41857;1227Ft;1;8;18;29;30;34
2007;43;2007.10.28;0;0Ft;83;175191Ft;3713;3916Ft;59302;858Ft;6;23;25;33;39;41
2007;42;2007.10.21;0;0Ft;47;312593Ft;3147;4669Ft;55894;920Ft;2;11;27;30;33;34
2007;41;2007.10.14;0;0Ft;53;297836Ft;2733;5776Ft;46446;1190Ft;8;21;29;37;39;43
2007;40;2007.10.07;0;0Ft;53;270701Ft;2868;5002Ft;51523;975Ft;7;13;15;23;24;29
2007;39;2007.09.30;0;0Ft;102;136785Ft;4223;3304Ft;64519;757Ft;3;5;7;25;34;42
2007;38;2007.09.23;0;0Ft;25;551391Ft;1741;7918Ft;34312;1406Ft;15;26;28;29;33;36
2007;37;2007.09.16;0;0Ft;72;191507Ft;3255;4236Ft;52590;918Ft;7;21;30;31;40;45
2007;36;2007.09.09;0;0Ft;51;258412Ft;2549;5170Ft;48284;955Ft;11;18;19;37;39;44
2007;35;2007.09.02;0;0Ft;104;123508Ft;3904;3290Ft;54723;822Ft;2;6;8;12;24;25
2007;34;2007.08.26;1;119495108Ft;60;218467Ft;3147;4165Ft;51007;899Ft;9;16;19;30;35;41
2007;33;2007.08.19;0;0Ft;45;298810Ft;2341;5744Ft;40329;1167Ft;8;11;14;28;34;43
2007;32;2007.08.12;1;414115758Ft;67;252065Ft;3523;4794Ft;59566;992Ft;4;11;21;34;38;40
2007;31;2007.08.05;0;0Ft;54;287109Ft;3045;5092Ft;59157;917Ft;11;19;25;26;27;29
2007;30;2007.07.29;0;0Ft;182;80688Ft;6485;2264Ft;78475;655Ft;7;13;18;27;30;33
2007;29;2007.07.22;0;0Ft;47;307420Ft;2651;5450Ft;53123;952Ft;8;13;14;17;19;45;20
2007;28;2007.07.15;0;0Ft;27;558405Ft;2352;6410Ft;45533;1159Ft;7;16;24;36;43;44;12
2007;27;2007.07.08;0;0Ft;34;424379Ft;2263;6376Ft;42435;1190Ft;10;13;15;22;40;44;8
2007;26;2007.07.01;0;0Ft;77;179688Ft;3502;3951Ft;52329;925Ft;8;13;17;27;35;40;7
2007;25;2007.06.24;1;384808486Ft;137;111918Ft;4259;3600Ft;57737;929Ft;12;14;17;26;35;37;42
2007;24;2007.06.17;0;0Ft;56;270046Ft;2802;5397Ft;51358;1031Ft;3;4;11;29;38;42;45
2007;23;2007.06.10;0;0Ft;124;124626Ft;5119;3019Ft;67904;797Ft;5;11;19;24;38;40;28
2007;22;2007.06.03;0;0Ft;32;479058Ft;2292;6688Ft;41578;1290Ft;10;26;28;35;36;44;29
2007;21;2007.05.27;0;0Ft;31;483945Ft;2483;6042Ft;45452;1155Ft;8;17;24;29;34;35;21
2007;20;2007.05.20;0;0Ft;50;321800Ft;2857;5632Ft;55381;1017Ft;3;8;9;28;35;37;24
2007;19;2007.05.13;0;0Ft;84;209691Ft;3749;4698Ft;67834;909Ft;3;11;14;17;18;20;16
2007;18;2007.05.06;3;683333334Ft;100;310346Ft;5451;5693Ft;109780;989Ft;7;17;18;19;43;44;33
2007;17;2007.04.29;0;0Ft;122;248269Ft;6997;4329Ft;119292;889Ft;2;3;9;18;22;44;27
2007;16;2007.04.22;0;0Ft;88;299573Ft;4206;6268Ft;75835;1217Ft;15;20;29;32;37;44;23
2007;15;2007.04.15;0;0Ft;51;502719Ft;3234;7928Ft;62406;1438Ft;1;16;20;34;35;42;39
2007;14;2007.04.08;0;0Ft;89;278266Ft;5380;4603Ft;91480;948Ft;16;18;23;29;32;42;10
2007;13;2007.04.01;0;0Ft;65;330022Ft;4388;4889Ft;75120;999Ft;2;13;14;18;32;45;37
2007;12;2007.03.25;0;0Ft;69;314955Ft;4602;4722Ft;75127;1012Ft;12;15;18;26;28;38;2
2007;11;2007.03.18;0;0Ft;98;212618Ft;4723;4412Ft;77786;938Ft;8;13;17;34;41;44;5
2007;10;2007.03.11;0;0Ft;112;201447Ft;4563;4945Ft;74681;1057Ft;14;17;22;31;35;45;6
2007;9;2007.03.04;0;0Ft;95;234024Ft;4408;5044Ft;76049;1023Ft;5;8;20;21;28;32;6
2007;8;2007.02.25;0;0Ft;64;345010Ft;3551;6218Ft;69624;1110Ft;2;4;5;7;38;43;32
2007;7;2007.02.18;0;0Ft;86;248274Ft;4220;5060Ft;69810;1070Ft;4;12;20;29;33;43;16
2007;6;2007.02.11;0;0Ft;56;422297Ft;4346;5441Ft;79146;1046Ft;5;6;16;29;30;32;9
2007;5;2007.02.04;0;0Ft;76;269012Ft;3582;5708Ft;63862;1120Ft;19;24;35;36;37;45;12
2007;4;2007.01.28;0;0Ft;111;172829Ft;4366;4394Ft;64365;1043Ft;7;10;20;22;38;41;39
2007;3;2007.01.21;0;0Ft;126;148209Ft;4668;4000Ft;70024;933Ft;12;16;27;32;35;45;28
2007;2;2007.01.14;0;0Ft;42;466866Ft;2667;7352Ft;55658;1233Ft;2;24;25;31;36;38;23
2007;1;2007.01.07;0;0Ft;49;348279Ft;2769;6163Ft;50191;1190Ft;10;15;29;34;37;41;17
2006;52;2007.01.01;0;0Ft;94;169868Ft;5054;3159Ft;72919;766Ft;3;9;13;27;35;36;4
2006;51;2006.12.24;0;0Ft;29;545839Ft;2196;7208Ft;42959;1290Ft;2;28;29;31;43;44;36
2006;50;2006.12.17;0;0Ft;42;354444Ft;2156;6905Ft;42733;1219Ft;13;15;19;20;26;35;2
2006;49;2006.12.10;0;0Ft;84;197607Ft;4588;3618Ft;65124;892Ft;12;18;22;23;27;39;42
2006;48;2006.12.03;0;0Ft;45;314195Ft;2466;5733Ft;45681;1083Ft;2;3;23;28;35;42;15
2006;47;2006.11.26;0;0Ft;44;311187Ft;2695;5081Ft;50570;948Ft;4;5;13;33;35;39;21
2006;46;2006.11.19;0;0Ft;17;803572Ft;1558;8768Ft;34390;1390Ft;5;21;36;37;38;43;41
2006;45;2006.11.12;0;0Ft;52;265913Ft;3081;4488Ft;53380;907Ft;5;7;17;25;26;36;43
2006;44;2006.11.05;0;0Ft;77;167960Ft;3138;4121Ft;47936;944Ft;2;5;12;24;36;38;45
2006;43;2006.10.29;0;0Ft;114;109977Ft;4661;2691Ft;61074;718Ft;4;7;17;22;31;33;30
2006;42;2006.10.22;0;0Ft;34;381190Ft;2149;6031Ft;41001;1106Ft;3;20;29;30;31;34;38
2006;41;2006.10.15;0;0Ft;51;277956Ft;2710;5231Ft;49362;1005Ft;8;13;32;37;39;45;16
2006;40;2006.10.08;1;502542278Ft;84;178827Ft;5264;2854Ft;73193;718Ft;3;5;9;11;31;43;29
2006;39;2006.10.01;0;0Ft;55;254858Ft;2236;6269Ft;41646;1178Ft;1;3;5;30;40;43;8
2006;38;2006.09.24;0;0Ft;17;794913Ft;1541;8769Ft;31823;1486Ft;1;21;22;30;39;40;19
2006;37;2006.09.17;0;0Ft;25;510564Ft;1602;7968Ft;35194;1269Ft;17;20;21;22;23;43;38
2006;36;2006.09.10;0;0Ft;49;260653Ft;2196;5816Ft;41247;1084Ft;3;5;15;18;42;43;12
2006;35;2006.09.03;0;0Ft;52;240416Ft;2798;4468Ft;45264;967Ft;12;16;18;28;31;35;40
2006;34;2006.08.27;0;0Ft;39;321372Ft;2200;5697Ft;43894;999Ft;3;5;7;8;39;40;6
2006;33;2006.08.20;0;0Ft;47;261833Ft;1933;6366Ft;36762;1172Ft;3;14;29;30;32;42;5
2006;32;2006.08.13;0;0Ft;73;189339Ft;3291;4200Ft;52488;922Ft;1;6;10;25;33;38;39
2006;31;2006.08.06;0;0Ft;28;440405Ft;1863;6619Ft;36282;1190Ft;14;20;27;32;44;45;35
2006;30;2006.07.30;0;0Ft;62;193562Ft;2860;4196Ft;44090;953Ft;2;6;23;27;28;38;14
2006;29;2006.07.23;3;176547220Ft;114;140464Ft;5029;3184Ft;69940;801Ft;9;13;21;35;39;45;15
2006;28;2006.07.16;0;0Ft;46;305473Ft;2822;4979Ft;46171;1065Ft;5;10;22;24;36;41;27
2006;27;2006.07.09;0;0Ft;63;220947Ft;2678;5198Ft;47086;1035Ft;2;16;21;27;34;41;23
2006;26;2006.07.02;0;0Ft;48;273088Ft;2671;4908Ft;44907;1022Ft;16;20;23;27;30;39;4
2006;25;2006.06.25;0;0Ft;44;296821Ft;2266;5764Ft;41693;1096Ft;2;3;8;26;28;34;42
2006;24;2006.06.18;0;0Ft;66;206027Ft;2683;5068Ft;46693;1019Ft;7;22;24;28;34;39;14
2006;23;2006.06.11;0;0Ft;26;527691Ft;2029;6762Ft;42334;1134Ft;8;9;15;17;20;39;6
2006;22;2006.06.04;0;0Ft;89;151687Ft;4227;3194Ft;59630;792Ft;3;10;13;26;38;39;16
2006;21;2006.05.28;0;0Ft;38;346466Ft;2574;5115Ft;44131;1044Ft;1;9;14;22;25;39;5
2006;20;2006.05.21;0;0Ft;75;174799Ft;3756;3490Ft;56975;805Ft;3;9;11;29;41;44;2
2006;19;2006.05.14;0;0Ft;51;276080Ft;2073;6792Ft;36381;1355Ft;1;9;15;22;23;30;42
2006;18;2006.05.07;3;143733858Ft;49;286499Ft;2513;5586Ft;42905;1145Ft;4;13;22;36;39;42;2
2006;17;2006.04.30;0;0Ft;45;309727Ft;2666;5228Ft;48226;1012Ft;5;13;15;16;27;34;31
2006;16;2006.04.23;0;0Ft;69;198599Ft;3654;3750Ft;58301;823Ft;3;10;16;21;24;34;23
2006;15;2006.04.16;0;0Ft;67;204131Ft;2912;4697Ft;49938;959Ft;2;4;5;25;34;45;26
2006;14;2006.04.09;0;0Ft;48;277044Ft;2185;6086Ft;40287;1155Ft;1;3;8;22;33;35;6
2006;13;2006.04.02;0;0Ft;25;524904Ft;1689;7769Ft;35563;1291Ft;16;27;28;29;34;44;18
2006;12;2006.03.26;0;0Ft;74;181225Ft;3710;3615Ft;59066;795Ft;6;9;13;18;40;44;37
2006;11;2006.03.19;0;0Ft;20;685941Ft;1961;6996Ft;36183;1327Ft;8;22;30;39;43;45;17
2006;10;2006.03.12;0;0Ft;56;255250Ft;3278;4361Ft;51140;978Ft;14;22;24;27;32;41;10
2006;9;2006.03.05;1;814673831Ft;103;191908Ft;5391;3667Ft;82034;843Ft;1;9;11;12;20;24;43
2006;8;2006.02.26;0;0Ft;81;237571Ft;4061;4742Ft;67342;1001Ft;4;7;22;26;42;44;16
2006;7;2006.02.19;0;0Ft;46;406818Ft;3379;5538Ft;69231;946Ft;4;20;21;25;26;32;23
2006;6;2006.02.12;0;0Ft;123;158195Ft;5082;3829Ft;73330;929Ft;1;5;11;13;21;22;37
2006;5;2006.02.05;0;0Ft;50;346503Ft;3093;5601Ft;58738;1032Ft;3;5;12;40;41;45;2
2006;4;2006.01.29;0;0Ft;250;66520Ft;7262;2290Ft;86102;676Ft;3;9;14;17;20;31;27
2006;3;2006.01.22;0;0Ft;54;304915Ft;2862;5753Ft;52823;1091Ft;1;12;13;25;28;44;29
2006;2;2006.01.15;0;0Ft;54;332093Ft;2808;6386Ft;59959;1047Ft;1;21;24;25;33;34;6
2006;1;2006.01.08;0;0Ft;25;516556Ft;1967;6565Ft;38322;1179Ft;16;21;26;40;41;43;28
2005;52;2006.01.01;0;0Ft;48;278221Ft;2617;5103Ft;46714;1001Ft;3;6;8;32;38;42;43
2005;51;2005.12.25;0;0Ft;28;446278Ft;1740;7181Ft;36189;1209Ft;8;10;16;19;43;44;1
2005;50;2005.12.18;0;0Ft;37;330083Ft;2397;5095Ft;41731;1024Ft;10;13;32;36;39;45;42
2005;49;2005.12.11;0;0Ft;32;422411Ft;2778;4866Ft;44405;1065Ft;5;18;19;26;40;43;41
2005;48;2005.12.04;0;0Ft;37;310456Ft;1940;5921Ft;34298;1172Ft;16;27;35;37;39;44;3
2005;47;2005.11.27;0;0Ft;47;239003Ft;2348;4784Ft;36397;1080Ft;2;5;13;22;28;35;33
2005;46;2005.11.20;3;13578508Ft;95;122513Ft;2999;3881Ft;42507;958Ft;4;18;27;29;38;42;23
2005;45;2005.11.13;1;219173207Ft;34;401185Ft;2170;6286Ft;37569;1271Ft;2;20;24;35;42;44;40
2005;44;2005.11.06;0;0Ft;20;632503Ft;1434;8822Ft;33412;1325Ft;6;26;27;35;43;44;14
2005;43;2005.10.30;0;0Ft;27;458699Ft;1988;6230Ft;38703;1120Ft;2;5;6;28;35;41;43
2005;42;2005.10.23;0;0Ft;44;270844Ft;2301;5179Ft;41926;995Ft;1;7;19;20;21;26;33
2005;41;2005.10.16;0;0Ft;20;601427Ft;1206;9974Ft;27844;1512Ft;1;16;21;22;23;42;27
2005;40;2005.10.09;1;41290874Ft;100;117974Ft;3953;2984Ft;52499;786Ft;9;13;21;26;29;39;6
2005;39;2005.10.02;1;40282572Ft;81;142090Ft;3968;2091Ft;57878;696Ft;9;10;11;24;26;31;14
2005;38;2005.09.25;1;81689980Ft;99;117405Ft;3554;3270Ft;52027;782Ft;7;9;23;28;39;42;34
2005;37;2005.09.18;0;0Ft;49;239120Ft;2630;4455Ft;41939;978Ft;2;12;25;27;29;30;11
2005;36;2005.09.11;1;164591674Ft;87;142789Ft;2992;4152Ft;45863;948Ft;2;11;21;26;30;42;4
2005;35;2005.09.04;0;0Ft;51;235518Ft;2875;4178Ft;48395;869Ft;3;4;8;14;17;37;11
2005;34;2005.08.28;0;0Ft;35;331425Ft;1741;6663Ft;34040;1193Ft;19;22;33;40;42;43;28
2005;33;2005.08.21;0;0Ft;33;333098Ft;1281;8581Ft;26585;1447Ft;30;31;33;38;40;42;39
2005;32;2005.08.14;1;49576514Ft;36;393464Ft;2041;6940Ft;38028;1304Ft;5;20;22;29;42;45;1
2005;31;2005.08.07;1;251770362Ft;84;148048Ft;3094;4019Ft;46762;931Ft;3;12;21;30;42;43;20
2005;30;2005.07.31;0;0Ft;34;342408Ft;1890;6160Ft;38322;1063Ft;1;7;14;32;33;37;15
2005;29;2005.07.24;0;0Ft;11;1080502Ft;1336;8896Ft;29226;1423Ft;1;2;12;37;40;41;17
2005;28;2005.07.17;0;0Ft;29;413609Ft;2015;5953Ft;38204;1099Ft;6;13;19;20;22;35;32
2005;27;2005.07.10;0;0Ft;13;932926Ft;1117;10858Ft;25450;1668Ft;1;5;28;35;36;37;39
2005;26;2005.07.03;0;0Ft;25;473932Ft;2076;5707Ft;38595;1074Ft;8;24;25;28;31;40;30
2005;25;2005.06.26;1;562042703Ft;84;176715Ft;3803;3903Ft;58402;890Ft;4;12;16;18;33;40;7
2005;24;2005.06.19;0;0Ft;49;299628Ft;3007;4883Ft;56595;908Ft;9;16;28;30;32;33;22
2005;23;2005.06.12;0;0Ft;25;637462Ft;2444;6521Ft;52242;1068Ft;2;20;23;26;27;34;4
2005;22;2005.06.05;0;0Ft;25;546988Ft;3021;4527Ft;50152;954Ft;4;26;32;33;35;37;41
2005;21;2005.05.29;0;0Ft;37;351563Ft;2238;5812Ft;41760;1090Ft;7;10;12;36;41;45;1
2005;20;2005.05.22;0;0Ft;26;504416Ft;1962;6684Ft;36767;1248Ft;7;8;20;29;36;41;42
2005;19;2005.05.15;0;0Ft;67;198998Ft;3716;3588Ft;55692;838Ft;9;16;23;32;34;38;1
2005;18;2005.05.08;0;0Ft;41;311842Ft;2606;4906Ft;47674;939Ft;8;19;21;23;27;28;24
2005;17;2005.05.01;0;0Ft;25;491784Ft;1812;6785Ft;35719;1205Ft;4;12;14;38;43;45;37
2005;16;2005.04.24;0;0Ft;58;214815Ft;2504;4976Ft;41176;1059Ft;8;10;27;38;41;42;43
2005;15;2005.04.17;0;0Ft;48;255836Ft;2722;4511Ft;50444;852Ft;6;17;23;24;25;37;21
2005;14;2005.04.10;0;0Ft;21;579598Ft;1760;6916Ft;33357;1277Ft;19;29;32;36;40;45;22
2005;13;2005.04.03;1;218769812Ft;25;497814Ft;2012;6186Ft;41040;1061Ft;2;3;16;22;32;34;33
2005;12;2005.03.27;0;0Ft;53;239232Ft;3110;4077Ft;51161;867Ft;10;13;19;24;42;43;5
2005;11;2005.03.20;0;0Ft;69;181433Ft;2979;4202Ft;46770;937Ft;4;8;11;14;16;20;13
2005;10;2005.03.13;0;0Ft;37;316573Ft;1684;6956Ft;28749;1426Ft;33;36;40;41;43;45;44
2005;9;2005.03.06;0;0Ft;145;90682Ft;5478;2400Ft;77482;594Ft;6;10;12;17;27;33;8
2005;8;2005.02.27;1;160256785Ft;70;163876Ft;3636;3155Ft;53620;749Ft;9;13;15;24;32;43;40
2005;7;2005.02.20;0;0Ft;45;255532Ft;2541;4525Ft;48359;832Ft;12;20;24;25;28;31;32
2005;6;2005.02.13;0;0Ft;23;501407Ft;1775;6497Ft;39658;1018Ft;20;26;32;33;34;39;10
2005;5;2005.02.06;0;0Ft;51;221275Ft;2785;4052Ft;47299;835Ft;4;6;19;35;44;45;1
2005;4;2005.01.30;1;329902618Ft;152;85773Ft;5255;2481Ft;70179;650Ft;4;7;9;14;26;30;2
2005;3;2005.01.23;0;0Ft;55;233977Ft;3056;4211Ft;50032;900Ft;1;9;14;20;24;38;23
2005;2;2005.01.16;0;0Ft;75;169627Ft;3123;4074Ft;49384;902Ft;11;14;28;30;33;40;45
2005;1;2005.01.09;0;0Ft;60;206569Ft;3097;4002Ft;57572;753Ft;9;13;14;20;26;33;16
2004;53;2005.01.02;0;0Ft;74;162824Ft;2885;4176Ft;44239;953Ft;10;20;26;31;35;36;5
2004;52;2004.12.26;0;0Ft;24;462247Ft;2246;4939Ft;45327;857Ft;2;3;26;31;32;40;33
2004;51;2004.12.19;0;0Ft;26;424385Ft;2211;4991Ft;41596;928Ft;1;4;8;9;34;38;3
2004;50;2004.12.12;0;0Ft;18;618757Ft;1595;6983Ft;33776;1154Ft;20;27;29;30;42;45;16
2004;49;2004.12.05;1;75209469Ft;59;185814Ft;3239;3385Ft;52550;730Ft;4;17;18;22;31;37;29
2004;48;2004.11.28;0;0Ft;37;284471Ft;2115;4977Ft;36888;999Ft;5;7;15;20;34;35;42
2004;47;2004.11.21;1;117264218Ft;44;249600Ft;2394;4587Ft;45313;848Ft;3;20;23;24;28;34;35
2004;46;2004.11.14;0;0Ft;70;171714Ft;2955;4068Ft;47962;877Ft;10;14;20;27;31;43;28
2004;45;2004.11.07;0;0Ft;32;328178Ft;1560;6732Ft;36363;1011Ft;21;23;24;25;32;36;20